mean_branch_dispersal_velocity	weighted_branch_dispersal_velocity	branch_dispersal_velocity_variation_among_branches	original_diffusion_coefficient	weighted_diffusion_coefficient	diffusion_coefficient_variation_among_branches
33.1466701511664	12.4995917895344	5.12415933032939	859.509832219981	372.047598272466	14.1673334218025
33.5681178528808	13.6165785745078	2.45011915238405	620.310812793947	394.028962622314	5.07149051513904
48.4429870816018	12.3466809924322	8.6990336490342	1811.29586179527	359.575129720942	20.0287133585593
40.8857489527828	13.0807748745043	5.08692994054198	1190.92998831879	358.768332794977	14.3949068532705
27.5610809213746	13.2089182108996	2.76607033096984	626.222762743567	376.112450043521	8.66124935709927
30.7633119189242	13.9364019052841	2.4781312897475	617.981172720469	404.358854519612	5.61266157597182
29.0137887939565	12.3781520628137	3.51709937177412	497.706524229857	354.086379957447	7.08079979679367
28.9052105999784	12.8757511603839	2.85867584413422	623.483485030292	363.452625422295	8.563237617921
32.0168113841623	13.7895087755032	2.67315285366146	644.690783806774	404.466665485426	6.97835931581727
23.4971597881899	11.0216176335256	3.28894005632686	489.1194575197	326.49996838931	6.66026457967848
25.2298296707529	12.5075070969002	2.11926322637913	459.780580616378	355.01098512443	5.43789747042442
33.8070150974879	12.162781752923	5.65629648109621	786.539099666693	351.909286351894	11.1782073397002
31.2600455942783	12.7369846696754	2.63453229739688	577.52334165689	398.388964456263	5.14383793369528
29.8793338941762	12.9120721947122	3.33769790413368	495.724315642666	378.971415621658	4.69575117219785
29.6518829105259	11.3383858619427	3.13950435854041	720.976118580299	342.874592795401	7.94578154796118
27.927667385083	12.7475816614769	2.67948237569565	544.336967109198	359.963533370829	6.9343397989361
29.7910958574446	11.1264745291248	3.60123204235094	659.546157823131	323.342580803226	7.84493799162679
49.2706100206686	12.5114090609271	7.34443923641155	1667.91886181197	364.363315132415	17.1945536485222
25.9630348724345	10.9820756144747	3.11000546513704	482.647621206602	317.309861213615	5.76211186057907
27.9429795202192	14.006372640896	2.04966419417011	545.667037381526	408.635054064988	6.1943195961232
29.1330333635774	12.349156297872	3.09511603397663	739.830562502688	349.032329696946	8.18693950538659
26.7862387344623	13.3276159166794	2.32711682960136	538.290178719067	382.706990808882	6.30930014695581
30.9799583917376	13.5273132460571	2.58687257728833	661.620560470608	387.279984038359	7.50355100258319
28.1712451779919	12.9371445157757	2.27576508753157	524.960900260232	386.93133595379	4.83711910772838
34.720254025971	12.8143194151465	4.41164179706317	847.464500883527	379.495914823216	9.76074730759886
31.8651867546566	13.3932405619785	3.16811801610822	660.283915919153	400.698992968777	6.17529109354302
29.1630210970649	12.5213660086404	3.11437632048094	601.955505780372	370.940258604069	7.75183841295335
31.4297266754922	12.2666070833128	3.13451737031483	548.027342822555	349.951626702447	5.85647414113704
21.5514163140756	11.140320626847	2.07078272282501	370.10440470588	319.928917570622	4.71456598195825
29.0781697463453	11.8941893173591	2.71899309658735	594.058766559924	348.109722179052	6.512574556737
33.3601477793422	12.8685081348992	3.24628548189026	734.840266984566	373.889358453208	6.42074770710289
35.5749071931391	11.3893470632467	6.92928851950434	966.984137696778	336.45777439718	11.5496188926289
35.1780795063439	12.2264223000672	5.27861960860582	735.939134918478	343.53321656501	7.59366587893325
32.5390267091813	14.710494889769	2.57113159886479	655.25503799808	429.833312201545	6.342691315102
30.0123543466435	13.4953028786335	3.87157258740208	793.504326219021	404.982938149454	8.61389741326206
35.3931344458738	14.6686727642788	2.95489983301351	812.799333797976	423.550044541279	6.98468529758923
41.5739181803333	13.8083600812011	4.49785018851483	1039.5870848352	411.872844661701	7.49694986441634
31.4624755624776	12.3415576729985	4.15209679568476	569.250462304356	355.604912440503	8.58376428193563
40.0847363039543	11.4330266052451	7.99411691582489	1126.61003170866	329.388848512074	15.5884702601534
26.8666090067299	11.9767561010009	2.71624557508449	524.138083590557	359.19085439426	6.08061844993299
22.2962885338816	10.3469725613876	2.84467917720131	352.059350444485	299.963216906246	4.70662929855141
25.8062517367513	11.4896093830503	3.29861843446911	561.725514972636	329.937708211104	8.08080690914603
28.8697398148921	11.524341748162	3.73515793819507	532.280056397429	345.515241352217	5.3273502383995
27.5728178316666	11.6004971495871	3.6056137463401	768.533615542143	336.302733684157	10.1388321746343
35.7597444025562	12.3540135648425	5.32252866208399	578.686409961019	350.497719834731	5.21142625743166
29.3255618323078	13.4969081666428	3.00220289144257	532.063728532288	386.878825778898	5.9466955796328
156.744484528657	12.8233676672614	18.7994126939295	4392.03637749156	369.849357562607	16.2075089847606
28.439621031104	13.3112192778882	2.41741124054422	561.660033054993	407.308049630687	7.68643464920003
30.2207899108065	13.3751781847906	4.22874984312093	472.81257115856	408.614656420032	5.21019432394871
30.6350861439247	13.4955725532739	2.44125511780193	561.712262226286	412.124518111411	5.2558239840332
25.9694229654217	12.2736513149146	2.29026374793262	408.293372161042	358.849362837711	4.35134326889486
30.9134553854644	15.0829655216626	2.2872955709338	520.850701388995	451.487554548255	4.66250399062069
25.9322431004604	13.5862742135959	2.33874592833081	489.360731465404	411.639887062673	6.77237698031359
33.0603732412014	12.9501307824864	3.23997730057177	656.537947711055	369.73234462364	6.3844592986081
25.1193126150196	12.0285356823502	3.13100225274234	604.707025154894	351.487934353101	9.11279084779493
26.7982469588428	12.2997784405766	2.04648474285599	400.306706364377	354.741901214422	4.35992755891664
32.735703015515	12.9058940538276	4.81903277289267	589.667094485064	369.557992277428	6.12413920358012
43.1322881796343	11.4161306099485	5.9772315135104	1558.55436228798	325.258283665501	13.8031730395946
44.2816711505425	12.6577654311852	8.97494498156719	1002.2456999493	361.999737568921	11.3250146663902
32.4866451236333	12.3870135735425	3.19189826545803	590.431326311612	351.181224869327	6.05588841763973
32.2516080526829	13.596299294057	2.99347921243582	634.031297618176	383.100557566271	6.49736221841014
28.8827722697927	13.0638724735408	2.82011993726296	539.111670896975	365.797052509926	5.08694268404487
31.4960706639423	14.1334367466819	3.11475981483417	611.293529755816	414.029807237901	7.34059552243677
21.9760555329599	11.2358046960516	1.95866013426771	360.659492889647	323.462857944788	4.51623547326484
38.4998187952771	12.7612335017667	6.10952384324135	1236.50602790143	350.898164069298	16.392814840706
62.1080118326341	12.6099687081112	11.3056299150211	2004.82705800625	372.869022803066	20.315506717471
34.3624668804065	12.842606013901	4.75733909154077	619.973025108856	371.770932856669	6.23367804137376
31.0970285419678	13.5267508501451	2.95119291569777	586.952795665205	385.816342432844	7.63508428770299
31.0336385944666	12.048508506068	3.36307204523897	532.032913143694	356.037955220599	7.98939429427891
29.4967153700972	12.2382986156355	3.09990169857936	633.815754416019	367.333971513505	8.005074885636
24.1781214512513	11.9974292499895	2.18400180437191	462.036399671415	336.844912513995	6.60368194365682
25.3611962445175	12.8454844603133	2.33311719765883	519.513110397578	363.539891852332	6.36988894345364
29.6112609027517	13.658234205362	3.06312979300971	534.040690032077	408.28504392066	7.30984656415113
32.2632578159497	14.2174850535833	2.57396770247265	587.19476616458	404.14495576138	6.29300451403164
39.1585070260058	13.6823126509511	8.03546645732637	1113.44218976804	386.754528302426	16.7828641406742
28.8368069203114	13.414314972922	2.43432568441171	586.220983082714	387.494351319863	5.79584361806992
41.4068285728271	11.4028775223601	11.4775859438032	594.914887064062	322.06364742053	8.10159127696022
36.2793595885298	12.5117797795896	3.97307130037058	683.008352946342	365.30755954656	8.70766714022661
24.8444336608592	12.574135905217	2.0966381291704	442.519698748232	377.927348516498	5.47364391586527
26.5613803240501	12.1691827489963	2.51410359927869	572.029258512179	355.984773709956	6.4881909243629
24.6114811753644	12.3200330010605	2.33035677639643	540.711570999405	339.050660737246	7.44551990710501
34.7711115197855	13.819215949338	3.64529082426962	518.538660742473	397.981746517802	4.94185251527712
27.5289423158461	13.1702429402755	2.23565297678045	573.242084544852	397.877876229422	6.27358582780109
34.0966057536068	10.998744630552	3.85171523253211	719.952431417244	312.647331372195	8.81298816606188
27.3242646512103	11.6175555186665	2.58517533575155	564.144320880262	352.745856196894	6.01394418811144
27.7784718062446	11.3076672256943	3.02072920352432	685.868820969384	337.805531636286	7.38561037218749
35.0257371712011	12.7823616492533	3.78149740607205	932.863590715605	367.982795801565	7.95791758754397
24.6865412220981	12.6860386466758	2.83911174957136	563.945359447912	379.243531122778	7.58294055722143
30.4522068671044	12.0674746741409	4.61697311355026	564.336243731122	346.873605859605	6.3963394891826
27.4725370526567	13.1156409612525	2.28431009080123	475.608986877342	384.541371195202	4.23485628383442
27.8867271543465	13.7617388806037	2.2986609653351	597.041095353335	400.277392226518	6.89778796733044
25.8598962649912	13.8834827430405	2.1804217168576	512.730575586037	404.991013413309	4.63451383291423
37.42549056824	11.9442534337109	4.97903514804882	729.190070752504	350.026242743193	6.90632795671276
24.6250497639605	12.0559595174009	2.07955807708837	413.187978835762	349.780899137815	5.37330560136501
39.2901944539322	13.863355638127	4.8290526654301	1074.28714788248	388.29796667577	12.963941571337
31.1834713587341	12.4517890316522	3.29767595486888	717.985881255395	372.33701306869	8.49157788158072
24.9546632249627	12.5258546453434	1.88697356471848	414.278785105219	362.312396566412	4.41760873256258
26.1115720332037	11.0324987008948	4.28282475053721	532.992895068033	330.190673151722	9.67139717309053
29.2779260491786	13.2749797234751	2.84032249058618	466.371604671183	381.072632969147	5.80522374541891
45.7174625833475	12.6902566029971	7.69107920703203	898.45176867383	380.604267329723	9.79335295253615
35.306846506464	12.985125565867	4.76128496104744	757.275500562503	390.007826398909	7.76949260259672
29.8966459886585	12.5714985238246	3.38754853274575	629.430470641246	370.58116864705	7.54727248832215
31.6108182303157	13.291758901123	4.6478987865261	928.592156331234	384.43094248665	11.1789807522614
36.5451371380085	12.9040684674285	7.09163433323162	568.477353152835	375.871713519485	6.35569809744512
25.699925164009	12.7856097141183	2.36079645952306	538.969218204881	385.263319048465	6.4807734084615
25.3083004609565	11.8267068457139	2.25623066447584	458.589235533617	332.47749980521	7.01738712537959
25.7106806820883	13.1052485044636	2.30042060191035	485.186664881996	388.807807826928	5.88715624845172
28.0896759710175	13.1660233489813	2.49409524721764	445.803809531692	381.108278204176	4.42367717765898
24.0363680287225	10.2516960169916	2.48173249907696	480.858856388836	305.68348943108	5.80458160799334
37.1782537942402	12.5249895790252	5.19378244018306	621.551536341273	354.832985187782	7.38766313999867
24.0887034223571	11.0679168721692	2.68425152914411	515.378557094973	337.368164967434	6.59482877246283
24.2307907386082	13.1327744845575	2.01024665053225	399.256336293249	393.558231760245	5.23273998225997
35.1109890354632	13.0705974185886	3.95736894046311	853.077484676798	381.510542534794	8.9873019842744
28.3235216427148	13.0138741858017	2.48647435657898	576.264850730381	365.02799480167	6.43785463069401
25.1248232314457	12.8154013013186	2.28175805406431	441.557000052291	360.45956679959	5.07173883384026
32.1671883448599	12.8755067695444	2.98763294185051	684.270294451409	374.707051718115	6.30418838115302
27.1674924010666	11.9373642590313	4.03611236707172	432.78174110371	343.442815895882	5.70921627088529
31.1493443943396	13.0946452509948	2.92705604517991	515.627848208084	383.156533332219	5.21231970543186
40.7096805479525	14.2073404045607	5.31907422699227	800.071251407892	413.526034436168	6.5373856822681
25.7880732576485	12.933639025335	2.53468760691704	518.170554970144	372.155209540707	6.1099760893253
28.4359983072508	12.8415518987103	2.64184909774887	564.524735794306	374.064863094877	6.53280309786172
30.2011247061378	11.7073030853279	3.01579111254214	494.964137646755	335.339384044352	4.94204593671973
35.9803380385265	12.627509024762	4.23757530907133	778.252141804955	356.638475740358	7.65530400286689
35.06600108639	13.839448181354	5.9652917576055	1099.14863173386	406.647750869859	11.7219377854813
40.3602930851551	12.0930670056732	8.80339488352989	470.675259755793	359.434072068029	4.80709455027152
25.4139868379805	11.2477382825809	3.0536528423994	562.067824583968	325.559053444558	6.59230254972433
31.5705434416461	12.4714653235542	4.11373578077927	809.563967185101	369.126831955623	9.2928249347529
30.3011877178374	12.8366920365214	2.54083805107098	611.260140215903	376.124900066221	6.44889567674325
28.6246893459523	13.0054067024393	2.69739403633313	640.575979000357	382.398791739075	5.7197965913805
35.6688113302567	12.8503245957336	7.63242784767556	483.835340015545	367.722595942906	5.31150548784802
26.2728383386779	12.255488552248	2.28583193827597	497.432164940867	359.261666973729	6.51635440459645
28.004501918254	12.1187021160759	3.56601803867881	612.938064699548	346.940518513084	7.49492331023129
42.1050239197973	14.2065776106727	4.37919055689654	905.639011440031	408.976818028235	8.11543462297128
27.9378913050026	11.7418742855782	2.38497501132454	454.044908873763	331.938750359066	5.95638495528106
34.3230995956036	11.8544967941166	5.57435159490974	515.788251334377	331.840096712616	5.36006083562946
28.8724855197625	11.3487532212762	2.98912687087614	593.772183609317	341.860518778641	6.75991328301044
29.1979835094718	12.7614324293683	2.78084020314415	571.470290365182	380.808952848268	6.36710724815661
32.4308158551232	12.7606184512631	3.08578183680036	641.770094533492	368.67489456869	5.96698937462533
39.5774272882929	12.7031415770853	6.39724382837329	1492.31291038037	360.755082457503	14.6571949522569
20.993545020183	11.1685293966911	2.07899685800718	421.137475395443	352.756334576722	5.44552776226104
47.1458310015873	12.3436815182531	7.61983010203689	1937.09670166121	354.917306281839	17.6377179202681
37.2855687652353	13.417017352407	3.87150684431604	560.686095325289	400.943966253061	4.70051340465886
39.6319982763193	12.4281834394772	7.5182664804433	744.287852590738	361.661232779932	7.05978922832856
27.6856160901876	13.0787127314034	3.01391752552328	597.153441195499	399.439764028225	6.8301119536837
28.1221927218151	13.4208418400488	2.50295235174089	603.72719755653	389.202273605612	6.21054413268533
22.9655093120848	11.9932033340247	2.43411395331014	534.338741237214	361.897578452802	6.24168884859467
27.5212722730166	13.6251057716326	2.5670214887183	482.629674506617	401.195952017027	5.29933863502726
23.5853969432222	11.1393803868796	2.67322984980602	407.549126395122	332.390674323162	5.06335509798644
39.8926788180599	12.6715200432339	4.87878401507855	961.183134323199	372.093703995963	10.8762738423505
23.6632015084235	12.4469901100699	1.96875598760511	455.473552263616	368.296315359098	5.52710254691858
25.8542501179973	12.4112541230396	2.1303539923981	478.822928940535	347.685295888701	6.94796926176957
26.5539944824927	12.740497772739	2.41239968601889	605.455640776336	363.50218411029	6.14718486079924
29.5312891686708	11.5319888389169	3.25049715424046	788.298504111715	338.080648282515	8.20311822719424
27.0631305986134	12.09467712434	3.66832805964868	692.228887053388	357.617288006178	11.8916238193366
30.6448594592601	11.9743376094393	2.62418374139405	652.951436748241	347.410191917147	6.86724585019414
29.7845671599986	13.3560059693228	2.40343148074379	475.339377905764	387.757991444775	6.38200056276828
29.5695587989069	14.0482341520095	2.67755448056919	540.537022180865	409.541641773405	4.82261519452272
35.5591163390207	14.2316667307843	3.2524142655249	823.12134259441	424.557452765875	8.25104123512707
30.8115750093026	12.4565991739742	4.55819973757649	948.380946030535	352.894337122581	12.1779139402666
29.3921864660979	11.9678998729636	2.67341578902976	599.048587542177	338.926454462588	8.08105468236425
36.7612551782972	13.3999480804002	4.80384519447877	609.559160994351	382.495172273068	5.39670123665101
25.6812030712338	12.7087076104908	1.93493849721682	414.45984820871	365.619476716645	4.47135026761933
29.8581914681981	13.4218631087562	2.31855230104132	594.479125661551	383.072216123555	6.49485004056145
32.4154439879318	12.5443291160242	4.34405560740999	919.256221718633	346.514533765037	12.8355296866923
39.1775650114748	13.3438178735694	4.14063921481831	894.400642823362	393.622851205581	7.23150132319303
53.2692576537312	12.0421528455257	10.2825607810448	882.952424546326	335.325740816739	12.8181238483794
28.6513353117369	13.7109138968916	2.49596272020925	549.179886010673	390.710083394735	6.41562260033152
28.0123017538469	12.772614654534	2.51165821153472	540.366342425043	378.761485724698	6.12674207782385
27.5028564747025	11.9683782447873	2.45964377442716	498.165865929919	348.737000102807	6.36152811083246
32.1916544046892	11.9089843695764	3.98437851740047	830.843405803242	361.537613940613	8.47137844608385
31.7018042796212	12.590027161755	2.92226636927596	501.275985508883	383.66974284796	4.80656507259332
30.9928181029547	12.9098327815822	3.26211931426507	659.287587545056	385.98931582634	6.12553835254302
25.4385509667937	11.6113678328459	2.78643812180651	633.809452413967	345.176575463141	7.93503580527509
39.3406537937708	11.4317462436704	5.93099223506498	1055.04149960176	336.497607531336	10.3516117644128
26.8426937903724	11.8744055942472	2.60311456591701	523.179765111376	351.386825279506	5.78174001844143
35.1503635710945	12.591064101693	3.61000614385835	724.182357689246	368.673597232482	8.24043242635252
28.6524017968882	12.146523175113	3.22069617016527	506.34840698916	372.037422994752	5.88756903783121
54.2388542464151	13.4107054208846	10.2358242729402	714.834743057052	384.722758934477	6.28791786728068
25.727304427103	12.2292684310344	2.73628444830742	504.889461003114	368.812662847447	6.00711254972141
30.8103407041768	12.2433765636333	4.2146526412019	766.409287911762	385.749657481328	10.4703063213192
30.0885065843276	12.4240244436172	3.3460415284568	513.442791018198	356.132475207313	5.44118131541324
29.5786772707145	12.8701468902082	3.05680355393711	594.095724958642	365.292799306663	6.94541949894246
33.2196325784318	11.0082044930339	4.91960520887763	896.861927790233	312.321282056699	12.0331958907796
26.6584507909059	12.782024906205	2.6437363032246	493.928345781646	388.876063209725	4.67170932340918
26.7014442992547	12.0991126823203	2.40486297498774	532.439666246129	370.911426277647	5.88893685629249
27.8817188849448	12.819198217696	3.04674399721262	547.447201087249	372.535593747498	5.44006677094254
29.6880327249816	11.8808300157338	2.9339350198367	659.489826668356	367.818570055177	7.52927101228297
26.6742028506914	12.4261375665471	2.68503430701696	610.552424949198	373.000892504781	6.97713817824664
29.1945500672445	13.4637667902488	2.24495539313123	521.218940526384	394.836334452294	5.17738532843366
28.932074202917	12.2245825068235	3.3227472309782	682.473197398831	370.040711558268	7.78141840197359
25.3703475237371	12.7593187644326	2.22805212421872	425.482501944108	366.164546049937	4.44001918774914
32.3452387941943	12.8388733080559	3.23970485942319	621.95424338603	389.623929859939	5.3210005071667
28.1317693626139	12.4293550593735	2.21470344994392	541.601117972275	365.899859484799	5.79200673561593
44.0703174886881	13.4561656203379	7.85704900418667	1346.67575690047	387.210422601874	14.1488522280728
23.6055028131197	11.9773810885734	2.24857316959228	463.852605445757	367.490941641569	5.42377819319401
47.1433367223844	13.4457773192788	10.0957528503551	2270.22991239268	388.352146268798	20.5922955575164
29.5281190044696	13.1341097617584	2.68004389776949	517.023701771641	397.654362093111	4.84336500174247
33.8224275714446	12.600878449435	4.96167046232815	835.539260522567	366.6185632964	12.7722981963477
35.1984491392056	11.5686771198007	7.97450059448439	1073.88568940503	335.985167344356	15.6910032812023
25.2336240907709	12.0127121433856	2.35126268971027	451.301395060925	334.075893883583	4.62573946405207
27.9927510165723	12.7701086747864	3.46490234446864	398.700829393603	377.764692790285	4.4800599353008
27.7161520674811	14.2746792469814	1.92009163625454	437.395928048104	428.52150061325	3.96144878592256
29.6036336213203	13.8888709087511	2.11298720822547	554.309324843945	405.960893284103	5.17378441736181
55.2372173605863	11.7429739025232	13.2030920559197	1374.25773712391	344.692332755586	17.3724862106786
31.1987424475458	13.5333806998292	2.84762508327781	526.975982117624	378.485172652174	5.01505145548336
26.2705308241493	12.5721527640887	2.69098378273502	447.299656244112	361.020702022513	4.85813335080267
30.4322135255922	12.8198529238843	4.27515516833996	626.378605929356	374.784340873586	8.17665607242124
84.6309207098715	12.1909971820122	15.2692008164073	2632.0714518112	351.11400016595	15.0669185524416
29.1351191386101	12.0462106175519	3.03263793512597	615.517635218677	330.928297251825	9.13501888640717
24.3589399257901	11.1432624046026	2.50327170853195	412.970517965954	328.536656287525	4.9547711916585
33.3084319453923	11.8907880944496	10.1497575356567	1160.73378851812	351.847338205682	17.8356456572233
32.9772634780741	12.9240463735474	3.2482955667434	524.737301643392	393.945547562857	5.67718530274714
25.0417810630918	12.7422306244971	2.36704109605512	507.090389018767	378.78187576618	6.31896069759338
26.4311682685657	12.4449044897498	2.18737352612216	441.238941847049	376.40091991971	4.47224203620028
30.1009948099929	11.9955469073893	3.49680701230463	595.293349572975	360.291518063384	6.94036683480402
64.8709134073033	12.2065982600644	11.4806293726437	2151.65181329793	363.624535401284	13.2743227848239
30.0175421728989	11.2791758556558	4.82404771379801	789.657000098061	328.324509685314	14.6924558568243
30.4670199002754	11.1125425608639	3.80721715323276	559.352093895136	343.244177360138	8.48696265748668
30.2968470083117	11.6584891972444	2.56554784574394	586.673205777064	334.8404127995	5.83331534710527
39.0249324390965	13.1395914357382	5.98402230048572	1346.35234998549	388.390133950499	12.8501413605437
35.1067839591148	14.3080553602778	2.65146269630996	778.25376227583	418.914180192346	6.09048592921111
27.4087112098102	11.6766916070217	2.96322688233823	529.067278281389	342.625071538542	6.52572861055936
35.0252447774436	12.8404686143743	4.32159250582986	774.73173144706	378.056177356941	8.56079746798655
44.3354407423961	13.6452626947586	5.81467799427114	856.578385557312	394.63722934339	6.78661490561574
30.8132730582208	12.3206356863231	2.98357839823183	593.523057204498	344.470460923279	6.20930427873444
28.8987866319021	13.0042549437302	2.32017381957523	433.85324186242	364.382241326627	5.27319228464607
24.5299319442262	13.2828602094601	1.78582996794512	461.428512316542	381.614840172019	5.47419072767669
32.6165416644981	14.7211289414961	2.41460566892655	486.705801554788	397.533207508802	4.91984386328636
31.950525532576	13.739153843016	2.8697876532926	576.748850140567	403.548839449861	5.20747320382285
28.7617421881632	12.4512019864626	2.48387895848161	567.237680437236	366.982118679837	7.30102307936437
44.988058238862	13.668297432041	5.99457959894401	1343.51899098977	408.93221896751	12.5777546007263
28.3620749509616	12.6744053544588	3.12875589852357	722.058398846955	368.163376565596	10.0208120546333
32.0038951790095	14.6344644804033	2.36346727792326	544.720958713745	435.329996971853	4.94496254717877
30.6099964414821	12.8123138630868	3.72314161793821	516.321692397715	365.15453461471	6.74773292892634
27.3719868698376	11.9328284588818	3.97767766888809	617.945140345623	341.195651588002	9.38962616954841
27.5148150542563	12.7147186245521	2.5359847776383	443.707640683212	378.237977654282	5.60457634704182
32.0873854216296	12.9405744500313	2.80579489289148	616.786199932341	387.090844501443	5.66040094057422
24.2498567443448	12.0287909546651	1.80294148540383	378.257481008236	350.006849060603	4.19229644587585
32.6276587788137	12.8065282147456	3.02507950367129	615.423361697947	347.702716759956	6.73714619055246
26.2290009515356	11.4367568412628	2.76948815037592	471.07015311553	322.200683136574	7.06624396406471
34.7463950664113	12.2996070425428	5.73614379234079	1129.33765113561	374.735474296443	14.9847213827712
25.6435814176325	11.9006810275159	2.60511594986789	523.418467327981	338.020433689552	6.04379501564324
30.5788849015989	12.8627937866306	3.87492079192518	621.601454223437	383.528149067288	7.66782881368503
31.0688977284896	13.7722826458605	2.19538497136518	619.837758817177	388.521489222173	6.16527367777309
35.6345958819753	12.292462086302	8.1329601094842	510.263233166247	356.30255339805	8.7442539234505
31.4834696111105	12.7835118608664	3.58954136093998	689.140251690634	381.873640132339	7.48954932025773
23.172914863741	11.0266376998909	2.6178864493573	491.279050306699	324.862420459241	5.96856451555663
38.1135813276989	12.8282682467374	3.65390430100569	711.147204701547	375.007137359222	8.07574684815698
29.9390398118701	13.2329876634287	2.77383982084473	602.145777546999	398.989985735545	5.27899659889224
26.2444639539727	12.9598242124292	2.86120924649931	582.295987501838	377.343329958975	6.68874971256525
33.9060116014105	13.2647983814517	3.20233651310494	728.931031075583	395.421350958275	7.23301489689909
21.2701816480876	11.195650771322	2.23317102324596	442.20702720446	332.419166183718	6.80205132396183
32.0852191282409	13.0441892828263	2.89766592594292	736.47744191259	375.413279406916	7.12379195362457
35.9372034124809	14.4785682737033	4.80109956121838	809.795246293366	410.438025858898	8.71637561043709
32.9740747036044	12.8689331094383	3.28014578943333	757.853147716699	373.128709593318	6.92417732738028
43.925827139885	14.2394255052268	8.92471949746471	1249.90694635077	433.663426309179	15.0340674027056
31.4175515603113	13.0435291112722	4.91900971365414	457.423522855853	387.575431370395	4.80990656719873
25.5745628526448	12.4115514658691	2.11458247187813	406.251348365485	372.234706779675	3.80477071615431
31.0864204094518	12.3776786535014	3.09042074720994	686.05470700891	374.862920929599	7.12820319840398
64.7550463749989	11.2554822668431	10.5582705926385	1378.54636792605	336.847663618335	9.6394447394861
30.0340505340664	11.5881620076816	5.40609692853805	796.702597215578	336.337721635126	14.4119404959535
24.2192995350292	11.1195936260572	2.59819238770433	539.632562246292	307.923914167452	7.44373926060749
29.4706068324822	11.6490787018546	3.00223474108376	685.803054376428	348.225011428506	7.40434172512006
24.7297868799131	12.3228256006145	2.75704827291504	466.275397619229	368.931664265609	6.55832736834567
26.7341199805086	11.1650891986511	2.56702649236226	410.661560713887	312.671689513787	4.75271778784457
28.8791161497551	11.6897247685271	3.47323861941559	559.213600554292	335.437010053993	6.30263146728326
44.19137099153	12.9837056141722	6.61730978899541	1419.69562053753	375.599466178428	12.3299125532913
33.1695830737333	12.2375289900425	2.8745438528214	733.545884716401	366.580427221242	6.31404015933262
38.9417024667978	11.7570134812224	5.47290668479993	1095.96678998429	363.581372090491	13.4484041162915
27.7016432042561	13.0146129728309	2.83621261452136	443.053616182646	378.152163252925	4.78393293040962
25.0347769764518	11.4675548532655	2.58592549283338	511.035869067598	323.76689875498	7.25065463751165
22.9590335251476	11.9530378054336	2.29636051984744	432.658119114136	328.139408256811	7.00317685311304
31.082880848106	12.3541589305292	3.45010384852902	484.111620594285	358.731040928829	6.01811919045879
28.8336184319719	13.4994040767415	2.69933663478172	451.335798434339	390.872421295239	5.00228769104853
31.5132192629449	12.702488083652	4.50420204082787	883.748172980668	380.685485500377	11.9836721304322
27.2260352856452	11.6326993072624	2.42113410861233	548.317985353787	345.69923489551	4.76867842101909
33.9258892840104	12.4760914767426	4.60301332459938	696.035368944598	349.324063905875	7.64512272842557
60.6953508400193	11.3943136458333	11.1894289179714	777.81059184745	343.733404023501	7.17228873501188
32.1388849805045	11.6720601373634	4.18637069299379	787.238317744067	344.086873194181	7.63948591798647
289.572958524057	12.1641449197807	23.9374569458218	515.917843054058	368.713423453552	5.29088515876071
29.5298975404745	12.5378757087168	2.19761176036096	488.491590887944	358.051166140167	4.7810475394477
36.9098361229839	12.1576460190421	7.58153559700898	1209.46675940663	367.550276874188	13.6253694813191
31.6406399075056	13.4797193152368	2.62507728532545	609.662979156229	382.371384817104	6.29949146262683
29.2574191446582	12.0403047573931	4.40834420573568	501.345694844528	346.916976635838	5.10753314277474
33.3366909086189	13.3515496203347	3.09776895304811	596.509407009373	394.271300682703	6.08697363983244
28.0959250299785	11.5995364739827	2.98879260954478	608.712069510821	343.766738877459	6.13613845985436
30.5083474697992	11.559187817856	2.8054896486492	608.257058313084	335.845917252317	7.51980818934034
27.3680774896943	12.0670456299981	3.59698107116639	621.752619558972	362.904342856363	8.51540999494119
33.227315147316	13.1929139139849	3.72337963837973	449.625509931299	380.999922838335	4.67076831908973
37.3469595393471	12.2942205179092	8.85042530900161	1403.1532900662	346.790867920837	17.9506779778698
28.3491118706156	13.5255361153616	2.03593419037872	527.939967674989	385.350075053755	7.02612085534153
29.1778842880627	11.8797232483418	2.74597291230624	471.671843117823	340.536594700771	7.39889051564865
29.3424354505849	11.8245984915869	4.42449174564868	715.655858818126	352.35715305612	10.9835899309307
30.3311444524425	12.9349515319792	3.08862980753584	554.903707890641	378.843094436852	5.23957886721077
28.5699992274655	12.7976357453047	3.24938438083469	563.306246870294	371.170997468767	6.70993530863307
29.1605725909761	13.2093901684323	2.18324226662936	495.833407958932	359.716587747447	7.84804661495328
33.1883993187085	13.0616452617179	2.90920382876357	588.125088589815	378.908521568151	6.68246282423341
26.6427383705607	12.8038153508861	2.27095227762959	513.457700277761	364.30497458472	5.2460478668671
30.7022541720803	12.5200258700933	2.74543215726357	623.087610134221	375.503633332282	7.04792742629415
26.0764060925359	12.4560850487737	2.03310519510841	392.503967938348	360.655357082076	4.16963914810218
28.2097480327456	12.5708183096569	2.54807704093695	580.430983813092	365.292415102746	6.7509096448142
26.2790924978926	12.5566300610597	2.48179298943425	537.504652631063	362.007972263437	9.41135485165933
31.749343090339	13.0967940416486	2.97931078787399	625.245167575024	390.926501802775	7.129671528168
25.9708163956608	12.0641181445171	2.03717053640909	472.338989357511	356.648263680298	5.63171086187949
24.1860739490794	11.0378277173193	2.52195679223078	471.377407472782	315.074195726648	6.81974639857816
33.4306531664235	10.9637125198852	6.16453579582459	858.763173328389	331.166382161594	9.50764167366443
27.4771742648399	12.925493662058	2.30359834208789	478.846939096404	368.352728118612	4.835246557377
77.421418189088	11.7306762586809	18.250634463321	472.152368536936	352.986530232591	6.85825642527277
26.568711148706	12.9116802132245	2.1979461378276	457.744932352935	388.66632400249	4.71320964369672
28.124822339314	11.8247703626222	3.09922612437943	531.151497124064	341.992063932191	6.32670004370599
59.7346168428864	12.358545685016	12.2292280837979	1386.2289527522	385.567052507152	11.5218393879064
27.861188412278	12.2309965537827	2.78417463563376	590.817581141598	358.18402886818	6.77801480095036
28.4232921016916	13.3458297675211	2.77678575376338	701.521742442118	387.819607285295	7.00079596863955
27.0501213955636	12.8446286120332	2.09991877578872	534.936004056964	377.831886134449	5.00955195131302
30.9414470576294	12.7869070772296	2.81174394153993	599.475048901627	382.594890151913	6.27283596640931
24.280633086985	10.7520834502978	2.57198337397733	557.395944020146	308.817448398746	7.30725015158796
25.9865139703722	11.6149196380457	2.49030234446336	520.164532581832	319.7598888028	7.73347313668977
24.39429748662	12.0530718111129	2.50820185663031	500.000818802438	341.821662684831	7.32006147114147
30.3995637181177	12.3120943939292	3.3119867374978	451.953821737119	351.039678301726	5.67153490878837
30.363050589701	14.1007736608579	2.8230728481045	642.500989526736	406.600010839738	7.94602814793468
26.7349835177172	13.058715450786	2.54853612839157	474.77294636362	370.151721745145	5.21685338374989
23.5846105932936	13.1094273732681	2.06196947741831	404.932544744059	403.298380468254	4.47744176273778
29.0058628549146	11.3400862715475	3.81964625499321	506.511698771003	333.842331055349	7.393934389773
24.8481912020075	12.9462907407018	2.27661767450029	462.394359234375	393.258621683465	4.9090628971672
35.8856360200813	13.5010572364208	4.61381588772918	1054.04951886974	395.506882827641	14.0160858565247
29.0824237344408	13.32036196206	2.68727548667118	522.775639645614	403.442432938569	6.42472748788914
70.7774216368467	12.3563141321088	15.7437397522474	1193.35041952511	343.920160841337	14.108500747698
24.9543749201921	12.7136180657139	2.65553853919904	579.412483345153	371.305037694976	8.13498066058854
50.5399765108052	12.745093109213	12.1701168643018	965.830717510878	377.927111400973	14.495748168557
27.6065077247911	13.4085357629062	2.22338496186717	507.479448393176	384.75804218213	6.04442533296303
36.8487444373787	14.3266303261971	3.0784855305499	1010.41502395425	449.18806984728	8.45672816794571
26.3947950900143	13.7356225904491	2.13621292047335	441.938367064498	393.250363727041	4.91702593083354
30.9176366832743	12.372294029408	4.16233366797778	898.820236679678	365.295890236449	10.1340410676262
37.0176142037606	11.89767310669	4.51474809097731	669.061417909412	354.197995174386	5.61822539809241
31.0873477504958	13.1036260037051	2.97507379423537	715.14196672094	383.833403692339	8.06607239522219
31.5046033488489	11.8467734017662	4.45088995063994	523.917698472223	361.187892728737	5.66384703305681
34.0143300433627	11.565312403865	4.88654211901254	732.332388942553	351.663401516196	8.62671726175305
24.3335995068895	11.7984187909831	2.43021676235027	449.052722857719	352.130922278561	4.63161192412843
29.253193549512	14.3050217077687	2.56218047794835	552.457604282731	432.381629880956	5.42387667181924
31.1155980749146	13.9168927066203	2.70690396461911	506.582699483903	401.723900936939	6.14236795500229
33.4397575948178	14.4876305024739	3.1127124092028	608.062336982012	395.713911548935	6.75563037431815
24.3905768141759	12.5677046154881	2.20027720133714	374.26480870475	360.68154573374	4.5389253200847
32.016783455561	13.0732540783015	4.99617369163646	494.078525780894	373.402345177933	6.35402367328517
28.1345049416978	13.1758477893208	3.43699565102705	586.731839464459	377.665953671899	8.16806779665767
33.7132130157839	12.8730935255739	5.16599935650557	1043.67709015702	366.53582462698	14.5198319537801
29.1767571091896	12.4360928214482	3.17402869921368	564.49460053506	355.043982755413	5.76597634688431
27.3921963088531	12.1059450915816	3.06183700185167	580.951906321134	353.808749735831	7.95005660033306
32.5583408404001	12.6562912468244	3.58346634969716	686.089204768858	367.198461128786	7.8147626007126
31.2048145595036	12.060506069426	2.62964524982663	541.355594107191	352.515410446638	6.33547530566851
25.6120814288718	13.4235604359028	2.5106634490145	522.388385202243	395.269064752962	5.03195400947113
30.2952195552742	12.0613268977316	5.17142420291684	781.156166431563	373.035784911634	10.292078916371
30.2927833121158	10.4878906120842	4.47225100701354	671.615078765319	303.338718397551	9.48033994763541
26.7089855336306	12.0213552461137	2.85905047443085	510.202637245595	347.624407309828	5.91067453475718
25.5088853031998	10.8428905968389	2.7552726122898	455.607793427427	331.565135892623	5.24527827892627
30.3401132485134	13.4388663391681	3.02524946739835	530.736971554246	393.285706515976	7.57288136416225
27.0025124031009	13.276292798493	2.02699138255676	422.215390210904	378.694415198736	5.24676140911599
26.167824740371	11.4119359544102	2.57794048647208	474.687598063081	323.027443970461	6.00325295511548
30.0909304024653	12.2385013239945	2.82953772980539	548.319564888403	372.677242134985	4.69932480550624
36.8999250027798	13.2729336792711	3.15305093989598	740.83776332513	403.001720792367	7.12249427316812
37.8114911399358	14.0253973947477	4.50176646402571	755.309133671197	413.268357957617	5.87408482300542
32.3732942389306	13.3051395534845	2.68369669020086	792.229760522842	412.856587171267	6.82246789223679
32.8762204817496	12.9019714318536	5.19517622469583	1027.95907185413	375.844507978225	14.64519559483
35.6383399492612	13.2136315150533	3.72145833392053	757.102566687942	365.185650731715	7.79873939431891
27.3548886188381	12.7223845914409	2.35487570685403	582.121332478679	360.841900212232	7.58561095102585
39.0867889905374	11.9717317835917	9.3592504443105	606.463451954147	350.32909002603	6.75568102122915
31.5597972796849	14.1266254918392	2.48479160180967	673.130408284957	408.692133173977	6.53893565544847
37.1450055307299	13.0620027087436	4.27884018792368	936.811838190131	377.408126087868	12.4546874543807
40.8380168665362	14.3288991692841	3.83978832607567	862.160063309096	414.983502525726	8.72351658047168
31.8654520410195	11.6038098253912	5.96159856843692	841.75824549968	340.649024025722	14.9133344567979
34.6876480369999	12.0990163551314	4.06150019895873	960.496587942602	341.131411420818	10.2502799694027
26.7054802330977	11.0966160473649	3.4250217262578	640.594492998451	329.212542119603	7.03686781461174
33.1197620341525	12.5315822607253	6.85186598511985	1162.59948857815	364.230570074361	15.6048338657296
36.1885703693951	13.1224476146726	4.07938600614719	666.749900748257	392.071383198537	6.18100453069695
30.0989363286637	13.7554421751739	2.70797653951018	590.948296344125	413.050181568755	5.55431776448564
28.3325157158655	12.9523817921609	2.95662640813497	540.024315025855	376.657289761459	5.97380852646191
30.9958169849026	12.1765575931253	3.60635689047172	662.726426935786	349.811588897864	7.86870459172608
28.2117608405031	11.9921047697157	2.61188540375333	496.376193786921	337.499482175444	5.78024672364347
26.305380595214	13.0629853748852	2.11683537335181	410.381844900125	388.162512459881	4.37691919848166
30.1865044322727	12.0290950935077	4.17255448910472	879.355387104715	354.164715126658	12.61832047145
39.1616670798125	13.6389767597775	4.91293982451146	975.721379200136	394.737778211952	14.0270318691802
24.6598042533158	12.1305795160856	2.34998597988461	400.171433268239	355.755359092749	5.42341804946351
23.4882967125627	11.231074459385	3.19770587945481	446.187413585236	330.018583867589	6.29009166384797
23.8412492780357	10.5484172802216	3.05552299201446	535.163680469926	305.221366001318	7.18188944879549
22.4269182489036	10.6668093176843	2.14507148398513	386.042059516643	319.151075726191	4.64169321266281
23.9319605451302	11.9137924930847	2.2528066431336	416.553100776942	346.579655440661	5.12817888501341
26.9044753282601	13.435073267887	2.23354074868173	511.000486757391	381.996750292297	5.50122090141365
35.9860243188261	11.5834867414787	6.0295282125054	496.654442152821	329.148573857385	6.20598827460057
36.24766914075	13.358163088864	4.56346976965533	778.654915855752	402.085350028661	8.87277039947788
37.4049340701092	14.0008123245581	3.82642350189926	724.500116933494	399.535358157108	7.67728693864364
29.0724568593857	12.5562720811849	2.51296348978682	501.921265002173	367.64344618734	6.23834379285144
30.0654873197877	13.0851529858718	3.58135001645213	705.16663776165	379.660363820956	10.1702184033161
31.3729272158422	12.9190366174004	3.10938016305648	630.461270174934	376.496749122857	6.80165650748212
39.9830730411805	12.6579785120305	5.12094319026671	1289.18422708254	392.70617192827	9.96033454990621
28.0334723867074	11.8890560288837	3.05575155236583	547.196320400944	362.872648360363	5.77887938769386
22.1881926708144	11.271837957626	2.29069670083767	441.845102532067	353.363908686139	5.48393244469369
32.6381482293103	12.9244821481704	3.04985065054741	703.058152045643	369.462798015776	7.09903973842353
31.7627899337193	12.570881702276	4.00754254817139	710.480636085223	372.685532063473	6.88740597907125
30.9348394921328	11.8161672120945	3.66154237585956	596.73422628577	330.920639211038	6.7834842460838
29.4326432948074	12.5373713854205	3.37182741422923	508.855391389577	374.155082643535	5.49544579647856
34.187916867871	11.7150485722794	8.85512751013908	478.381479207232	348.915276924887	4.64366597761555
31.8484351618904	13.3215173392513	2.80667204307368	573.006727894377	387.349111325384	5.95125055673733
32.0122649574022	12.9066265302325	3.02281256893542	696.656142522915	385.957041798711	6.44904267639594
35.4559074312617	11.5941177964356	3.5386641049084	630.737332162987	338.020178384029	5.80429580378957
35.9259219926204	12.9264843455146	3.42360070096453	667.197072379521	388.693785929966	7.58344394337795
30.7315319855552	11.4652633529714	4.52996703298712	830.092737540235	334.907851228529	8.93776593009927
26.2562132302455	12.7899529788471	2.18439082831988	428.229170417542	367.155968766518	5.57119112195769
27.7946321602846	13.0092955474402	2.3532039470542	495.912795967187	378.27256125623	5.38079287285502
27.9121079391499	10.6066146618897	3.89536004645161	711.64108574289	312.020889175355	10.4717701746471
26.1218849084422	11.4105109440438	3.21921634395254	553.387810091884	316.527640403736	8.26297221505388
30.0794988370469	11.541862659239	2.87247315066984	627.440746304922	329.55138947134	6.89491465440237
27.0359769504194	11.5510998278657	3.30057880633817	566.800892855421	332.727523229892	6.47271593809403
36.6758616144517	12.6600596827035	5.19539394111826	964.004423576061	349.747745509484	10.3542288938821
27.3839290458622	12.4705570226522	2.9355782491682	623.466277542209	384.211026899273	6.51480748313036
31.1726331727555	14.5805536705974	2.86497042446957	528.621756990688	418.809161781095	4.74509724552512
32.875323638451	14.149202159909	2.47987501660915	491.576049981278	388.133022252301	4.22403608954827
25.1688893916856	12.2936880802671	2.37710078864057	504.610227052046	363.031481660524	6.93630496191934
38.5731730385119	12.6372568758111	4.82536774294124	872.85152699566	367.493449991658	7.51765442171434
48.38560383903	12.1451872695052	10.6410600017946	1731.33311212086	349.280214476095	17.0078101394391
35.8795245930572	13.2480860232013	4.23579160157776	879.65646007936	382.641129537311	9.2561297483595
26.9543103627262	11.9044575796189	3.36039255226553	530.908567950714	349.529696042245	8.41152464288824
29.3643051683144	12.2821276111868	2.8297327347468	519.813542109133	364.693630043574	5.86179913212819
35.323653807975	11.6137829965844	4.26722776200652	610.540013174848	340.130835322779	6.06702779979762
37.8576015467476	11.9456568735489	7.91402783367127	719.221788147122	345.667357397721	7.62897904502646
85.0318280120052	12.2457330658268	17.3903674792424	1441.6517815415	359.439511163693	14.9201754788074
33.6257964341208	13.1828366557693	3.85019669453409	626.587235417315	379.363044418459	6.45931952926823
49.3169185497672	12.858509918519	7.75888341359622	782.937672649197	368.542405587619	6.61141114515888
26.0856808505628	12.5633414455081	2.54098515571879	483.21901731163	363.361935211723	5.94811913166252
26.1507649559447	12.4034780777156	2.17011840144459	476.757644332526	357.811220831852	5.55930602215797
26.6137245237065	11.7072942601832	2.68056122504674	471.838676734331	357.600056656036	5.0139785196551
28.5880491452217	12.8307292376869	2.12492318514887	572.405076493697	372.303841212157	7.81363387506838
29.3321029118175	12.2779460664394	3.44065873561348	528.918607892933	337.599276853108	6.90198928778193
30.6456112337432	10.3576538887338	3.46716265530485	685.660812688017	307.600785926589	7.02423694900476
37.7395328681056	12.3903731478995	5.53792069881282	806.245092635397	357.653674699696	10.5639696903683
36.4995501800731	11.1585413438012	6.56676518112278	604.451999854202	325.960893505016	6.98969493368988
28.7627902087045	11.1420482056437	3.52105492103618	580.22611771909	334.725260403535	6.50395741202417
27.0408655973167	11.0896291356744	4.52777349902323	576.620100487868	332.642716476552	7.01522038829435
26.0835845755845	11.3611726175148	2.76561797385845	467.717238510018	336.056259829565	6.38508484505083
35.0035632552429	13.3016199413928	4.53200381076326	795.787253939399	384.148500162141	11.10679688453
44.0782069844271	14.7415151829953	6.1781644315609	1537.14360482047	427.310088386686	15.1278807758823
26.6975183366513	11.9045137179068	3.00390032852679	618.80815090647	341.247437389546	6.61014420630231
39.2036319013851	13.680328790796	3.9726608263532	920.857804177889	393.473891531877	7.70941290576526
50.0460194804119	13.4586028534362	10.0457433654653	1639.0386635945	404.322895714704	17.3338548844717
38.4994540162195	13.3915208401616	4.39452815277347	1018.75182964359	383.309078308923	9.84431434242749
35.9444767411288	12.4887706627232	4.69279456143976	604.627875195294	352.870467363689	6.82393537080914
28.802559354932	12.5091012246966	2.55634762204005	623.512833079907	376.124623271544	6.21968578401435
32.1165440055774	13.7332124555533	2.43032487313929	573.886089263405	407.673367100955	5.53140966959871
32.2643959884031	13.4937748404216	3.09000275429484	782.592747193346	396.705592474689	9.77065814092334
34.536208070744	13.3226729410569	3.45733623552414	724.058340300534	382.410523736076	8.81812050263778
27.0518404186247	13.2074852796736	2.22452974253547	423.25592681942	388.870766265032	3.82633955685123
39.690356451245	13.6926066911821	7.0281570852466	945.552112918624	428.961771344625	12.9312810868139
31.3141667559757	11.8996784014267	5.19573030317919	712.515502392203	369.635339832629	10.7114056880464
25.8311178336883	11.927289143916	2.5685670606983	577.747930864862	362.857338490791	6.21725286171736
26.4346464499655	12.311176631444	2.6973222652921	440.966503714813	362.268400567104	5.9111238136783
30.1766137504852	12.304911905096	2.61400449979778	552.855779661228	354.026367526846	6.14547019174964
27.9471427307942	13.2964382569186	2.37893358870673	513.412112388044	382.463209548376	5.8978016731936
35.5398783983683	13.1729947123834	4.0646273149226	739.542550125348	383.52386136966	8.72367803176703
34.2898742093619	11.8985986108653	5.12041193036774	1042.99848761953	327.908363563495	13.0598127090189
32.3462195404247	12.9005379178496	3.13142134898861	697.128106962427	385.681513602549	5.77113409230666
28.2763543288255	12.8198782228835	3.34932735528945	639.064014085993	396.125836889104	6.93003511783271
37.8175818959734	12.2795020896214	5.2882138940399	646.877951910791	354.458954906731	5.67908136130901
27.8293657294868	12.0100859315814	3.08114568556398	634.272645787049	358.220907084888	7.59922882067106
27.4940760660783	12.2523666382919	3.12571109185092	676.490506223553	370.252705456439	7.38640469700388
32.9786951296165	13.4677864166962	4.19538336542853	934.592477686853	393.910387977984	12.6065466336322
39.188137685255	13.2643779386365	6.46887646752633	622.812467938252	390.87611884809	6.80543357096041
27.1385047239649	12.8784277118068	2.40746536369859	566.786853892014	386.076839051633	5.80434531803562
31.2484654758478	13.2655795164061	2.69790955570173	633.932539831472	377.352414020953	6.42936701550515
32.0622259833189	13.2437776107889	2.58450595818719	635.5538995473	387.399427447741	6.66957871449777
35.5342851912459	13.6231632232833	5.18259701538115	600.235976246565	387.575715216525	6.28667531277864
33.3534219213568	11.1373317539169	5.01449663575866	542.60433788709	326.126986685184	5.92940018919996
51.8908312555194	11.8534659756049	10.9288645615652	2640.22012822553	334.08594196918	19.1080442691707
23.5153060941107	12.2110811595292	1.90814887210567	416.501647414557	370.205854441999	5.17541948314728
33.6136794424373	12.2681601026871	5.50102847562824	666.170307985612	359.985133449252	8.08660950866984
47.5438960843333	13.0939779077961	6.48494311202646	1654.16382241123	377.142643223418	13.2471252416981
30.0475227047557	13.2159195208485	2.40963076545153	577.641350297789	371.665585696751	5.88829706561093
22.9647379200966	12.3684519947788	2.06397766768341	443.330846043812	341.196286187031	5.47697406729374
28.9655057016925	12.1856460171728	2.58763418202881	540.684338961874	362.036685967667	4.92212100889933
33.532412661279	12.0345129603501	4.62029307891479	896.382535468339	350.466124840166	13.1191313544741
58.8913431039715	12.0730170405007	10.953568006455	2581.00071510091	349.27265946764	20.1526446480413
32.4164519218277	12.5059408701457	4.27086901059013	933.641554205673	355.4662618488	12.8869161491292
25.9625851664032	13.2800940819255	2.22961835846142	477.731179800784	387.9345127518	4.62097879372659
21.7973465606401	11.8705349761018	1.81177532175483	399.73976002716	353.390503110539	5.39382022259497
33.5913303778694	11.8636830066045	6.43271346523906	1157.50673282441	352.728089844811	16.5652927918222
30.8334293078979	12.3529670296556	2.87867995207102	641.586581539664	369.620312535061	7.20732136337967
45.0374169206878	13.5239295769593	5.43356237087793	905.637856455249	402.688633777372	7.22463475822018
33.1354291332935	12.9484747789458	3.62240055944274	712.360521668709	384.026828869283	7.39957631612471
28.5430210128633	11.792062849534	2.70655826170889	476.225100533088	365.872566764399	4.94041573120406
31.7092588856392	12.6187804353236	2.86073898868658	661.473478815595	363.364064406514	7.07894372913764
39.0548512268923	12.5980565520992	7.21330051761403	885.460633211521	402.600368492231	7.75537301053618
30.7703658296483	12.9528591356171	3.26724232856411	705.408691487232	390.57471396228	6.79433064416137
29.4596738336206	12.4903986854482	2.61889403965851	552.555067695798	368.100638775266	5.10083050383753
30.4038816142309	13.2307035756807	2.98327663123457	688.115044228346	392.519392831961	6.70698589095434
32.2178522442234	12.6190306896941	3.40098291984761	545.359557549784	357.927012445804	6.58586337732781
25.1850245213669	11.9555829154314	2.67339859598243	634.543039770698	352.466476843932	8.11236389981387
29.2623412330336	12.060017809509	2.58369544832263	575.931401378557	330.079943613984	7.33035432033897
29.4546404207076	11.5739076612122	3.64813875914635	737.190937951026	329.613025931791	11.8343855311186
25.0540492756184	12.4551272695671	2.14407387261017	468.526349760495	377.826260809116	4.47666716394561
24.42772522916	11.8865305961675	2.56090341105845	439.713124898848	346.936613609746	7.37458450528587
24.6215081083122	12.204314753073	3.22310052005427	523.264209707069	361.38347570886	8.59470569590106
33.1476060240159	14.3851042826276	2.76192451082676	658.982644778988	431.601427333354	5.99962823468003
32.2123173484081	13.7718662495764	2.58070585297441	648.385708595875	408.257831220002	6.33248332904263
32.6085721963902	11.2579602410215	4.68846389160358	815.825054205568	337.597237817839	8.5085974233322
66.2945771638304	11.2243530009791	13.1423933047181	3648.43453865552	330.239158806822	22.1558019986184
64.089325966459	11.563148229154	15.6858969308001	4133.64593524602	336.715754172966	22.9805585557846
32.2507115753692	13.9358114243196	3.70582035893228	716.680841204995	401.5199099362	8.57546918050563
28.2863357634514	12.312888126184	2.8741472870327	618.582466529982	368.703284879759	7.86844893077812
32.5856713591759	11.6293403234577	5.20662186393849	625.812324341957	341.671638574626	5.93277400437963
30.129994286916	11.5922239279537	5.7766858103346	790.86492654917	312.945631378878	12.8715485214923
25.2749600141728	11.7988100224275	2.19430506409653	468.851165017759	333.090494660863	6.22082124153014
21.8126105147581	10.3516297193245	2.49710615802969	396.646432307479	302.869440496754	5.92107892861857
40.7023352810936	12.3654452238112	7.71332913629352	1590.96417411135	362.695373647118	12.727859432809
30.976682023759	12.1288934345672	4.55889850594584	639.809138272847	351.639309224218	10.0924058291706
24.5743742946955	12.96193363909	2.15401576799973	454.509440846919	375.680961204244	5.56030234635774
36.2373432127166	12.8822630163166	3.82584825802269	670.563543218152	386.345076286809	6.38248869453236
30.9064205435648	13.1598401024961	3.40536087209878	723.293155513768	410.710535787999	6.8376517476352
24.441207697949	12.2313761815395	1.94765296497691	416.638990461393	365.947856477549	4.34121107241868
34.2947369598696	12.328966408205	4.80917524441764	1009.76524400233	374.072153958833	8.9701654812459
32.921053078247	12.1300866691285	3.52432876619756	699.445247019604	372.065793421773	8.92499535303988
30.7146251937269	12.8532448445055	3.22223377053998	613.870486706139	380.350473584059	7.06810312662263
26.1012728494826	12.3070951510223	2.52063593253787	444.01017294312	372.964674749865	4.8304835881307
34.3260718528117	12.5470311420335	4.35108859684457	757.828131476126	362.275987948403	7.84226639850707
40.2121279182358	13.3191063563475	4.58109358674908	624.425083629164	382.887447283003	7.51645015431028
38.6332396890811	13.4386955726184	7.66465312585565	1118.88101828461	399.138978358797	15.5425938711564
23.9299123026197	11.5952593682334	2.14025290645188	491.839836387638	345.129680084227	5.19734247900706
28.8944701950144	12.7589036321068	2.96750118185567	490.379054887472	363.547588581043	4.94194688602134
26.0170370956676	12.0386397649235	2.54687734407363	363.142565996466	347.765218509005	4.36190192162643
30.3083962816176	12.8228426029187	3.40842585337515	736.160650882873	384.589478154246	7.67508901267579
36.1156733619052	13.8568318923298	3.30282458596609	848.778358591072	412.41567357496	6.66621495751688
86.285249520977	11.9020175037573	19.4233370355543	4365.44307581446	346.230918066744	23.283101561317
28.6601060677267	12.3865171124779	2.54726380568888	497.206178431026	352.671614284252	7.80445054746954
25.8019275409331	11.4654857843484	2.24592128609702	492.225247469173	345.073568320357	6.24809819796334
32.820675232072	12.3027243883766	2.48512933785701	475.596062780474	356.541525361039	4.35883554649673
28.1096751501958	13.405352161404	2.43462301589373	524.952471964622	384.605410474014	6.15713410973737
29.4069323090212	13.1855437760982	2.39990239442447	527.738618595628	376.792733764519	4.9424983540857
24.7830871171817	12.698526615796	2.04479647880317	442.352216122793	366.449332276225	4.57586881414086
28.4350558155492	12.7127941718167	2.77715444362728	599.63243762574	369.006955077623	6.90476955577088
32.7244767583219	11.7215023064958	3.51803559656073	746.677783767165	366.270575749554	6.31778543720721
30.892372574976	11.9533690709979	4.778088590863	743.70980050314	336.064565172966	7.80777713402296
28.7231068048961	12.8755351346151	2.53765250376317	609.610173876009	386.021357287546	6.49014305505322
26.6229759389164	11.9522232086162	2.42433716819581	569.964024910578	355.449230506981	6.46364364548944
27.1453465729004	11.7737774814609	3.09985750310824	542.757193696686	357.071153032228	6.63052874226426
27.141142368842	11.6272065191423	2.47265677184035	538.301488053124	345.209550552475	6.08226257716291
36.8424047957248	13.3778543883348	4.33204266000828	1005.04100945595	376.940388239286	11.6859012710499
28.0619494518944	13.4096025718748	2.34626322797396	518.376769436163	380.845752132528	5.99377479870228
25.3482978227612	11.9993928679483	2.24393696740806	490.536217086174	349.100877446347	5.77449065410137
34.5603691865482	13.0209454710825	4.1314615696846	821.232056798425	365.532062202248	8.71479707219166
30.2903746133999	13.211233922955	2.7835905409435	614.850532812989	377.696017398867	5.90662297488127
30.6314088067188	12.7853070113624	2.68882071372354	686.250860326211	368.290407854533	6.42956725844836
26.0453822874128	12.9294194837682	2.3206710012867	472.066809581287	369.141335921868	5.96764405272475
34.3520918888484	13.3137603204343	3.20234523990733	616.867100466248	394.973281115001	5.18481895631069
34.4734792471018	13.6131374861649	3.33864555782835	772.961517649526	401.251010934703	8.4870664807095
37.3473286724374	14.9882556026823	3.82698606746884	829.5997848145	446.859726430286	9.1673726271938
41.7787838810628	12.3895669283972	9.44427825598163	497.850770271377	354.912637678626	5.3971715825317
29.3377933145005	12.7993028170946	2.95323088516497	557.478833315805	351.66539574739	8.42165607247475
36.8068575471935	12.529934967625	6.44474624485168	692.545764981011	353.861672683204	10.1311532475399
32.6508853132708	12.1698210679348	5.82797771167243	381.747889294138	326.064943189133	4.28537113611051
25.033477862283	12.7128522372113	2.13644399351298	376.86114102199	347.720232325941	5.65973210575942
25.9707064533379	11.5987201609491	2.32213615257101	473.836826282766	315.959086351619	5.61265126031112
28.2490599135481	12.0258954193871	2.39008871986964	507.224026828948	332.39320692795	6.38091078072476
30.9661807720362	12.256943488428	5.8488764162773	487.328842214868	358.521449758212	6.18986597634575
29.6439538131747	13.2276644541243	2.63511819498679	641.895419670052	396.95156776994	6.33408363419567
26.7026928006148	12.4744228439087	2.32451711118216	530.262198730104	370.913855946855	5.86097335279779
29.1475590578673	11.9710757338242	2.82890385081718	561.642720110549	352.821139504866	5.97123285008056
28.890802200972	11.7251146211243	3.13549363939766	578.721021074005	336.152932781686	5.72706088137253
26.3789737104238	12.2986112406743	2.50806481835576	546.842056436043	365.072107023574	6.22533092921597
32.3191779680473	13.2617507194915	2.78797641241094	630.480536687224	395.06013839436	7.39797677375252
31.1850012023332	13.0534334333291	3.12465888814125	452.542635137586	377.200469200005	4.72182499022687
26.9974213158088	13.37749796936	2.35696064769356	509.470151585766	394.307776684866	6.02084586499043
30.5123494927861	12.435673858488	3.1292157769605	626.623283079464	372.977559540443	6.75827933396483
26.0023791653493	12.109770563628	2.27793653171923	502.906806494309	359.204064019443	5.3168024850871
27.2682891094119	11.7945747049979	2.45641347533612	357.024660639936	330.84012577864	3.91882497414044
33.2550496630122	13.1150360731231	3.04181286870241	585.444637500154	360.834318191498	6.02582433496794
33.0532488480778	13.0224948405363	4.34456783485877	564.780466569583	376.660011137178	5.92559474425681
24.3276556322921	11.2021383682757	3.25389072138627	518.264058575698	326.494664697725	8.4919669814641
28.8016890952392	12.3349580917288	2.93374397279669	456.358772914821	346.172161698792	5.92971722297934
28.2630818560644	12.2746766066186	3.55619073061856	670.271274960491	364.785918719292	9.03356511355993
29.0297318542261	11.4821888635161	3.57696009673369	535.711241595107	337.97538116022	5.74696197275437
30.607392907486	13.4369946656956	2.88298663431559	750.789064920227	379.363357213913	7.8263099789075
30.5852327494361	12.778733971865	2.98920053921585	571.047552803943	369.706783875505	8.70748989870365
33.6057861248203	12.2100231650955	6.84278838557826	1068.45888055783	340.416823424959	16.262499841101
29.222163898586	12.2421789753921	3.36955181974613	465.586905711844	340.461485482395	5.23546767825963
34.5551482893757	12.6797913274323	4.95213599124519	741.180624336476	384.575861556219	10.0903007500398
31.8999678003102	12.932287760505	3.64336827059624	544.11219342007	364.291427688447	6.50536712778472
25.1706916048969	12.6880318559841	2.28691419858475	459.947236027946	367.938159570685	5.79314201326941
29.1212503764574	12.5320215669195	2.84120159857645	605.73752243128	383.992763745638	6.73541210567313
26.3103032333524	13.4054456985949	2.13680220830673	525.768504414491	391.03982068335	6.15769785830271
30.4792643232044	13.8234028669587	2.20568360867224	556.995543468718	398.863980161421	5.42916847774331
27.0740452806583	12.4479943822542	3.0226787671291	566.282544282337	363.102815692245	8.11901445225789
29.1959355744276	12.3333415482324	3.76721628314646	880.227880209288	375.641494762014	11.0416948615334
37.166607775532	14.2782510459726	2.99189140840716	700.305278291075	404.622566602024	6.43947681363407
32.502520189866	13.1004531755789	3.76143434951742	746.150134976059	383.558100856812	7.23182210728269
33.9403835095125	12.3898282817769	4.21797647419205	835.254517960927	362.274132211059	9.68617902747236
27.0360809324024	12.5788101987343	3.06590522975025	446.374213884606	356.350022945627	5.22400393317108
28.2213347725066	12.6044814126286	2.98865598676792	465.274551263872	352.928823149601	5.82189502835133
32.0369669937471	11.4965375466505	3.32660638441894	655.363079455344	332.664093238424	7.72876976192594
33.4983376175109	12.3926350671041	4.03502993740811	975.928111942538	367.622602434576	11.2666597680226
52.1177712339883	12.2694183514765	8.65125541178734	1121.06535110618	373.180182241737	13.2616439432903
27.5528649951008	12.1495900908581	2.57133189241512	597.492765525492	366.010516747797	5.67627890802787
40.3436410259228	12.2191356856655	6.70055774814197	969.846321847414	374.653495699	12.786560833579
29.6857288655845	13.4817436890077	4.10488300831557	603.219891828521	402.066913399643	8.03634285238672
29.8122504267893	12.829530322394	3.01496298000944	646.704737308227	380.585724743861	7.14946798836246
28.9044648432017	12.6868807108383	3.18957624559269	712.053853584243	366.562924505844	8.51044054404088
34.9473178715621	12.8000177084102	3.12278368104969	800.967635628678	360.649875582826	7.62997121634829
26.5375624098298	12.94468702815	2.34785678945219	508.04463601875	381.490247648309	5.88577025460561
26.1106669769885	13.7832586838075	2.61158185221613	450.39113921977	422.9706533919	5.62713300658356
32.1250221636998	12.6516619188654	6.34170178893257	1017.6530203307	361.075111762903	17.1779696079489
22.3971139350081	11.5597600332352	1.9870342852685	347.612883136489	338.045999393881	4.40975678988102
26.8992409297169	12.4631494752917	2.07826786194499	472.873022781554	352.070235552216	4.81146286330829
44.2305380604962	13.1056830656702	7.61002515108112	1324.50437227536	375.171922131512	12.3388777541236
34.7992692104933	12.9556550666858	4.15638988656143	710.142017008448	367.260193101708	6.33672074455411
36.3498451033257	12.8562127243791	6.98739163073702	643.816054667736	369.650657063397	7.06513647544093
25.2647274905374	12.6863595616552	2.07145426741769	483.853279908876	382.775818468819	5.23170854720841
34.1907369663442	11.1222094214017	7.08435794798132	1314.78824391771	333.030343281343	17.1736358469519
30.9003961627038	12.9132794416554	3.18638171082775	852.952449443107	382.741711170343	8.00374852858561
29.459963371022	12.6640031799051	3.22851909002491	685.815520272823	368.018867080551	6.95054426288205
31.3300616394973	12.3670848919395	5.95686558621598	866.231087120516	363.273174387747	11.7368340012907
30.6000585428456	11.386086230296	4.27578329917482	457.372234410752	323.195919352598	4.43216610049046
83.7650209063428	10.7043586055417	16.767316329216	2259.01475401708	308.442390419259	16.9929003897925
27.1605570809514	13.6627128983788	2.54315176646306	594.374703990352	397.840689773567	7.46337625509062
28.2572310070365	12.422452547762	2.42925254483973	549.036737351197	378.251082133064	6.40387555481438
27.9906790042354	12.2710756460135	3.50322794180265	761.19096593023	352.328445829765	8.78005198292025
28.6443698552161	12.9762209755273	3.08592939329343	641.34433292784	393.759873863495	6.54312705666044
63.7798567454344	12.060811208307	11.9641785644678	765.616094125206	352.714231120051	7.6145128466386
33.4722889009965	12.9337184258487	3.84993552649581	691.771875573365	378.72810118947	6.59782300419923
33.6107444283608	12.6891524294681	4.34228211240168	791.025263650718	360.65376909999	8.15061818997542
39.1840943779183	12.6806763182371	5.48263066013186	1339.90468493302	383.469266672058	13.0715760437259
43.0093499532383	14.3194752318712	4.42782656759932	1080.07697678107	435.343559846231	7.7368453416547
28.8742751803722	12.5339685218613	2.79163498278691	646.193529815597	379.301682890875	5.80406017441045
27.6577710264746	12.1552326107192	2.68493047379107	553.188684838245	360.609828782076	6.56960147380916
26.4707393494989	12.4024929007048	2.26809681030146	524.842059670335	373.986713631006	5.80571137688518
22.7234772049967	10.2526356338607	2.60757202724373	481.734060594632	313.51240111248	5.91707121256052
22.7816143200629	10.8013864457201	2.92898808257747	451.508251095944	337.546138752333	5.45191484058212
27.2504590666019	11.9573908159821	2.08488511912278	501.30928509359	355.243328965247	4.96828983295341
25.468217660331	11.6221017558966	2.39811993592014	490.398581783667	329.147978471961	6.43431073090698
28.6140067139595	12.6426807901757	2.63464478061982	606.739401973909	359.114135768185	5.38031054323443
23.8024757248899	11.1745981232963	2.81732640471982	546.517265771489	330.629911288614	9.40612403448088
37.6216137824741	11.9942568207109	4.75200631995165	685.876207494442	346.643510956489	9.31270436273258
35.4057639657655	11.6103621441083	7.24294344018272	591.332358337699	347.402758802021	7.20309048080414
24.7667540853877	11.4158129410645	2.41776116606812	351.093056832952	329.398227886295	4.5021991701481
35.5071833495043	12.3126877079351	5.47812873825663	760.90631295662	347.038254216429	8.98300280365009
28.8820221142945	13.2461878422691	3.67679763181859	778.915592774625	373.082757916627	11.4827299687135
64.2982621316948	12.5547459520209	16.8189222325404	515.067134203052	363.039813219627	7.17918301099478
35.5466727072493	13.5406584366328	4.79918252694201	1051.6111168834	401.759818842034	10.3042285673137
27.879592000282	12.306993664508	3.64896057628521	647.534807569512	371.985912805755	9.37123729984127
28.0283111879207	12.7911985814333	3.23194939557983	616.753943822392	370.886939262314	6.50886011875706
30.2834411869921	11.7645115824477	7.42954132081645	558.863209253754	325.891223145888	10.4277949897866
36.2920287029885	13.2292524249825	4.2116750824009	675.597067459	383.655020219073	8.77440556501841
39.3113914992091	13.1771502010157	4.35047625566968	650.451304940277	368.393266830057	6.12750016225723
40.2283531423475	12.8511815076762	7.45554003877728	1462.56281408289	374.18635857302	16.4071934879564
21.5151932853741	11.0992125683894	1.90923085184932	402.362753620831	325.105275331936	5.49959710380051
29.7480570169887	12.7634296346247	2.69249096773523	536.917185472218	374.48008022279	6.09185228306698
31.827065218608	11.6164858045794	4.48720362817574	667.020775275764	336.09060800467	9.51261953811204
31.1431260007081	12.5828210807051	2.98743706927051	537.66217606151	351.295716201423	6.06099911639241
27.276804479069	12.1815849296572	3.71431737238403	429.168238855901	363.402457210347	5.16865326331479
29.5192711083224	12.5703078224791	2.59089039272717	570.062155401965	352.262515859712	5.73360622298843
40.9601702560682	13.4587526033234	5.60782160984571	1094.72374623542	404.560840197076	9.87943099094185
26.6921888206137	12.4887379833254	2.39953754912384	557.038186156657	354.582161171175	7.89615563270401
25.8466276061229	13.7125751435501	1.90754922454875	461.655894268963	402.072733678551	4.72147857429093
28.4869602243025	13.4600209445797	3.4603884927252	554.925119030441	381.341061109635	6.79500421219924
31.3608987193491	14.3402260432317	2.22105105316413	460.135688119119	409.754136746855	4.55411461096379
40.2545789781111	14.42608526051	6.38878331416853	594.516601924616	396.746130715878	6.31624765309809
34.2568359626986	11.7331239457225	5.72591926216515	885.433124289765	347.236380987601	12.2826395116546
30.7819569507691	13.7146151902504	3.77155778538339	733.639910313663	406.848362377423	9.4612971955051
30.3664666403929	13.2040367513669	2.63343274481146	597.295123725041	386.683131781461	7.20626948075835
33.090803938869	12.4291836373443	3.30451900002908	745.19122854463	350.702314920302	7.08156372008084
28.1942612216215	11.9768416049883	3.4563229326439	377.597411021898	352.256547900697	3.98044728563094
25.9589133136576	12.309062488233	2.39515299595166	448.284794083309	363.73773484399	5.39297616077132
26.7529943111048	12.1675651141109	2.1843973358454	434.428978949661	345.901741231472	4.58370911019476
24.5700508480918	12.4787791769118	2.73986297111213	562.802787124411	356.683486262979	8.2795492472196
29.8867242879167	12.3970970850687	2.92207634792308	645.664824119083	356.500159837845	7.24731917038474
37.8330707668896	13.8618411122739	3.40727616975609	895.005126479105	412.817084530464	6.95668852120586
28.318957895098	13.7747893995112	1.99151573283076	568.495630573566	418.207363214176	6.46627035526525
28.3463622413188	12.662877698993	2.85503731123882	613.833296139389	373.809418129073	8.49767813895837
27.5389488163008	12.1116175425242	3.96852985383813	658.206729972953	371.950837099772	7.93316919559502
28.7292359212383	12.4763986527628	2.7309170124459	592.507928618687	358.319426643021	7.04041139533325
24.9975284323955	11.334756830901	3.32434219550686	583.603051949059	336.297578858543	7.37903625390595
27.8897087133999	11.5493761501799	2.5536594501548	477.477349254719	329.511013961747	4.88909495341197
28.5576091803645	12.7457315040702	3.42054214111635	521.808502345361	364.954958097349	8.44454761365718
29.3160299281691	13.5912172973291	2.77839889128093	616.577234677549	389.629049268731	5.97826697486069
28.1428908903302	13.1284854061603	2.42780628358621	517.296866975275	379.613693101949	5.72796675222679
25.1555595074582	11.7912156463567	2.75889049784741	484.960624020077	345.917143463855	5.30499603967667
43.7788603446199	12.1233684471607	7.75157769482621	1422.11284073414	346.398258580627	13.7865729755275
24.8498559529469	11.2776497178136	2.47185866661655	401.189057458365	327.877958894913	4.21430046326473
27.7043697994572	11.592531451618	3.15650521285191	642.962557514387	327.538082880689	7.58590809095022
22.9770618048193	11.2227008537529	1.93986750058777	351.470622866389	324.066989338291	4.28449980791164
43.4668757528318	13.9565411923887	7.86527688610825	1600.50036726283	419.000972720238	17.3040980556824
25.5602503107148	11.6007223961584	2.34852038577547	463.765549989915	338.179434152549	5.05295857740205
27.4445536868118	12.3489096525518	2.5798161631837	489.074058526114	361.043521760266	5.72817555989259
52.1135634329029	12.1709181350139	8.098584781413	2210.81497712714	356.211946454926	12.8194165412461
24.3277227520598	10.5174495843293	2.45934861580665	387.999318220261	320.64330388927	3.99904398228652
23.2524258806237	11.6005780151493	2.34441349051169	475.820643389544	348.411772363807	6.24120005865955
25.3745259177524	11.4965979671183	2.13544297405589	491.667888616963	337.488407560382	6.77222150256109
29.7408729984264	14.163289136978	2.98271323681421	604.48561777318	415.513512339257	6.11018896798618
43.9588277785349	13.5232738586589	6.08798340338895	1010.62792599349	388.526844053736	11.9692379980196
36.1241958955827	13.2346661847609	3.64992572794307	809.301638020036	379.51165928754	6.27197255206431
39.0382722835416	13.5834773306135	4.69239217502745	1089.63307333737	414.697811202997	11.786408556589
31.5625981155735	13.6377278174897	2.61293503665141	581.864524096962	397.519217059651	4.63438967074458
32.7059011694989	12.0654427798098	3.36761649807303	686.434552739988	359.936060043633	6.33933993208923
28.7235797964352	12.4473809617316	2.25302645768307	404.938233175459	372.234312238064	4.03809326636266
32.2688817288027	13.1046736072152	2.86091597328524	554.579714929968	375.300231747443	6.67538048414563
28.1145348229609	12.51485081623	2.88186271838599	461.626026556186	370.042243601672	4.69550478624711
26.3416579453893	12.3116114287676	2.47407579311245	495.291804876155	361.92789800095	6.60430862668216
27.6218580107247	13.1927013127638	2.06413499469168	551.635969605863	381.94411234809	4.87097507367897
35.2970808188704	12.2908672816164	4.45124440965991	1131.1083024213	347.979640631077	9.79541801959951
31.2946433951808	13.4255625961835	2.2741406743208	522.298776072273	364.207288775474	5.83151460125817
30.9414428890269	12.8857791350044	2.38031976913689	459.511015503416	355.014135072387	4.9485971058191
30.9308973283311	13.5265761636773	2.05487853618876	452.259613122046	385.656336350001	4.36671281125124
43.1312763735481	13.0302239643574	7.46199858187556	630.259009283022	409.201423156112	6.33125519973422
28.7692893342494	12.8929038479646	3.60493785990945	460.65217314908	381.742997772294	5.22634070444629
41.1434248800568	13.2230710326064	6.88869680501177	1213.5698507962	380.329893475304	13.4576166601161
26.8435976107836	12.2278420575831	2.71272978706971	500.978727102102	347.696427360647	6.05327833076533
27.603399762508	13.6101887245918	3.87549545796872	474.152535924211	396.42585111975	5.97600080567585
32.2833619295244	13.5613344879681	2.85053433153184	616.665743185455	399.589456934508	6.20405281545019
24.6406153861783	12.0087464760778	2.25078765554059	483.166208191256	363.586176393796	6.21746537878402
32.9758420567796	13.5740106249624	2.74626329952069	607.161506920091	398.722750029664	4.82751344750232
27.7139078153441	13.3788030814276	1.96593486512113	449.611909698097	378.659905969412	4.75185507226468
39.0600963310839	14.3877262122858	4.04799893709873	1101.52321455064	416.667575190222	10.0788861595587
33.5360955622017	13.5849443844393	3.39557432863536	685.439278569394	414.107659455891	7.05666106386839
33.1900974845995	11.5320177754987	3.30332610216015	673.399037424855	366.195367590379	8.9598551123605
40.1264193234079	12.1783828832058	6.39274846410038	695.540314138726	363.365827795266	7.49226084883508
25.5568943867589	11.0584698274014	3.20948119389808	638.28313503072	338.339538567796	8.73086936757512
29.4599179312933	11.6092126945131	3.99234440873201	571.442881282454	347.573646125774	6.42118149530681
32.8395277813432	13.4833356941532	3.78588636319853	544.392280537679	405.275990577175	5.53061687925739
39.8615596468437	11.9127131668468	7.48014637444792	1067.74535812381	353.368701068571	16.0852114907359
30.0095660939695	12.9913497784299	2.84606196043553	657.482219155931	384.670373581816	5.653266945276
64.2950759845984	12.0484833798999	12.502048065897	2306.12988249774	357.103159931832	20.7158120163474
37.739537993736	11.293254884435	5.35487455663257	1073.93724016254	335.328205853314	10.4575908522635
31.473374958772	12.2132773136685	2.7313380996648	730.534442566056	359.31597495118	7.45921225052716
33.2684083623214	12.8364018769702	3.82705675871163	709.480474160161	380.572407738132	6.34931693779274
36.5641401892619	13.3224946859711	4.36284625326505	908.32569445303	408.47225754386	8.67105848534477
29.6064822061679	12.7793993320373	2.89296449909217	610.023758668809	377.066903120203	5.99141652483712
33.9891322268183	12.9261438978809	3.7014826191725	579.084904593968	383.915758484975	6.83782158734444
26.9313744527745	13.659509404248	2.2856134092495	552.995509537001	406.715511405518	7.28147897398158
26.766134695761	11.8082923530907	3.04772878720742	405.376814544838	356.615682670431	5.92490722507112
28.1709033484409	11.8510141428394	2.81171330376576	567.700914621877	355.78771611968	8.83677034223482
36.7212075318816	12.1601630481323	6.90834142255761	1375.27936622083	370.608613439861	14.4484908701503
43.7430710953322	12.7679620454391	7.67474511137311	1013.10467775374	383.89634605903	12.5285121079346
32.351062863121	11.8293687142529	4.99730590778816	661.10593047453	350.098772116748	8.93464095105113
70.5189209232307	11.2868564859509	16.5491917346134	3106.83014144056	344.401734466178	22.7399575866306
101.592781589267	13.4818618065537	13.8151008642595	5304.0113928453	415.600915262564	16.4434218118115
31.0551121994706	12.3465741371096	4.14153178143599	537.315985666512	363.572120382471	6.92275726885123
27.600982593758	11.9021211315888	3.49581522531658	738.998777257696	341.232255208111	10.5405193759179
28.5815564220979	12.526439563239	3.01931548380507	629.600961470352	375.907731620315	8.27591414050333
41.4736560166433	13.9464412180608	4.68973177038734	1000.52681028404	407.073205081074	9.00850996878487
37.3414387971742	13.8382134563334	4.2583411785213	1044.09346213931	402.060237120521	12.357062176569
26.3063251703841	13.1663709656919	2.19266520161175	487.345563768565	400.541617352344	5.40858654270731
26.7225466068622	13.2377383647618	2.02729260485772	459.290609098078	372.444885024028	5.08592409599443
25.4766835722859	12.2876516903829	2.0557710074271	448.507379973012	356.390801486412	5.36143960366307
75.2461487676945	12.718161758806	16.6326504337157	2694.98214888904	367.539805806245	22.052649136565
26.5482444330159	12.3486357450606	2.66629762178398	399.916861819579	361.486191512769	5.06066215515147
25.9699930113009	12.7291850111583	2.52994159624254	488.528646604812	376.829671881442	5.56795863829198
37.2382440982194	11.9805597041578	3.97427500058531	774.787858874153	336.815447571968	6.64205527898098
28.1727463959254	11.1101681198058	3.53407497912765	446.118388862969	315.521349322014	4.83900427321115
31.873005545099	11.8584904009266	4.91495527330572	737.021649902009	337.287165960504	10.3571166645257
31.9449200336571	13.9188117522551	3.18743168779182	783.945820538675	409.958214957514	9.61837701337728
26.1188000300625	12.6716664547185	2.91877912990952	526.584065211063	379.518989403349	6.84018957865581
44.5273873300799	12.2287418705093	6.16122519334286	749.094705831469	373.313599469527	7.54215553366512
38.1503503158093	12.696949211429	7.30196873745297	1258.17992937089	381.446789429729	17.4638287710674
54.1874128796583	11.9028123398421	10.479351297048	2873.42551616969	360.250497062078	18.0333259434519
27.6559109108215	12.2486354228759	2.27096663897864	458.296470759707	347.656859463196	4.88855307251827
35.3841495389762	12.3831480782579	5.97845371981712	1117.31824140503	382.576937254494	15.9253758743109
27.1492545370568	10.9064651621101	4.5390307204973	893.172743057533	332.426847289154	11.559366094878
36.9391362698448	14.0675039493768	5.03546920954294	681.211697981831	392.88454666398	6.32192937636318
26.5779427992646	13.3810670935865	2.72401685130253	495.738016812698	388.107364218611	5.21307540329308
24.4615057104774	12.3194536873581	2.56198070220507	637.962158816717	354.731144615721	7.13102100664954
30.193662203511	11.836301477587	4.97566853249648	853.889158230452	351.672682870502	12.7546955390468
31.8184333334276	12.8604025750309	4.13709680227167	734.487471399589	380.418302020653	8.23268814536681
28.1358636832874	12.8418476956831	2.50994103180951	594.894313935787	377.716234943843	5.88066568461578
26.6982361753236	11.1676757937358	3.82604520681763	483.282627140423	320.77728137116	5.56908954787075
25.8226198926806	11.7183828532942	2.88120552322531	590.477932699565	337.892597818811	6.23719972151274
27.2870019540031	12.2935285196368	2.87839844283048	613.352571426056	361.320111441193	6.17623559510487
21.4305746013495	11.1848346475213	2.06906033867752	437.005850026796	332.025199142519	6.58430895608556
76.6746852432415	12.48033090213	12.2815225484202	4363.73220855307	361.597171161462	17.4515094260005
35.4476230589491	12.343702726225	7.83237934216147	976.51594343177	362.375469549667	13.5800520704368
29.9491726293486	12.4598750063909	3.05068222003814	561.348113238823	363.910948938026	5.93300853411599
26.1673886058219	12.1030280026108	2.63731758600374	559.390351168522	361.850077108502	7.34783343353044
27.555998284786	11.942768624969	3.05818328106237	756.112309707848	359.026567842828	8.85625204648507
39.6459172800507	13.8092923859683	5.4443987634701	834.418523630738	406.018828252181	8.35955794800499
48.0902459505212	14.6517345654017	8.60005398590775	837.492431221867	437.16276756132	8.9306982004074
100.349825266869	14.3208377487444	15.4757597603379	5474.06757893689	413.350169538865	22.694004159093
28.2314790643746	12.7883410545297	2.67918250945407	675.564689032925	391.601606240773	6.91287653559519
36.9786669361512	12.609943806534	5.38399672126622	1162.91994057784	400.720705962756	12.8924255379145
34.0993701267099	12.9777361669599	2.57795402609682	545.845138620882	373.842698809233	4.99911166548628
26.3083599116423	11.4369289998507	3.64115241763554	753.483726334459	341.068465836261	10.2030828084912
28.8148896308267	11.159620764717	3.43465296603805	744.987099645369	332.616287506148	9.54416820437796
27.2438946239245	11.6783470101646	3.26853069775085	597.856231882329	343.137084979274	8.80057132829926
24.1345241868207	11.0786914912315	2.21656353354025	476.37453577434	316.77222927	6.2605261239791
31.1466506785869	12.4344638539404	3.71006134364653	774.721670334543	366.036111522266	9.92604379118677
32.7462826400652	13.4063459532482	5.76657614358334	669.863085099379	379.8302379449	7.44246580791596
30.5869511592952	11.159306582577	4.25950060437375	474.915296224	327.049374125423	5.37927910087701
27.9730316862502	11.9291832239047	2.54213729174193	531.749110209009	352.143999494838	5.19914485401417
36.8237893115305	12.6279347445649	4.82621144625244	1185.82233926084	378.250467412792	12.7984142276812
28.3399127069917	12.9386634985582	2.65981758533333	618.047331228148	388.452616900732	7.15338167765203
42.9146028597776	14.5747038685997	5.35792504914565	1197.29241801056	422.493122821403	13.9215810802587
30.4034622093134	13.0283534321018	2.28983121901898	537.345579150964	368.983314815486	4.80844240754748
30.2227230938766	13.1293312541407	3.35807797125659	560.197295190057	379.567367670187	5.46317824603293
39.3990146789793	13.1327328518556	5.64912862655551	677.742799623289	373.635063569205	6.51366791580721
34.456774665567	12.3898611939699	6.01200594176207	834.590577578793	376.56435467977	11.9530466766431
46.0769253393751	13.9139220731078	5.73345576808961	1272.92066530489	411.772997152273	10.8205031297411
33.4552409284044	12.4519379669936	3.57095956879636	516.192849197299	359.243245577985	5.11097835043805
41.456452146298	12.7259207397201	4.72212427192976	958.283277464656	373.125786245903	11.6511321483154
34.5276329921893	11.4916137574866	3.22852325238446	610.337998622978	325.282378163587	6.12552099398687
31.0646158264954	11.4167075096477	4.21727168092631	742.949387344022	349.500594007136	10.5481035260329
44.9853253068336	13.1747968605855	4.80360164820099	1241.44923793575	408.379838898021	9.31916196181715
28.6163947562006	12.861198105548	2.67367511986153	583.856367019242	377.751702900009	7.09419370048403
27.8140767267599	12.8364725521328	3.46494311531454	476.378717725141	367.003023264411	6.43525785042034
29.2805154518462	12.231811081815	3.72121139411362	531.456925373619	360.954099117347	6.3453325425131
36.2989241262158	11.2379167489315	6.75215049417143	1360.72856265201	327.854248990816	15.6870231679045
28.5218962114511	13.4776072833827	1.89979066124086	425.575544015293	396.477616787038	3.94900608709119
34.8244856796151	12.8665903688965	4.12198600699222	563.96505581682	384.499187605104	5.16832270643291
29.9875885256001	12.8496506620042	2.6303415236979	668.805022584491	402.858215665011	6.54994032335866
38.6752623634183	13.3663374573933	4.60464178984491	713.6892622205	390.547144272876	6.07293491274932
29.1236322820659	11.9328599698383	2.93900056672535	703.885504893245	355.014924509363	9.87324456120613
29.4064612791343	12.3099656049595	2.70929030048459	581.032908321957	352.314163692511	5.70738512874466
28.7832515428491	13.3930178699376	3.47991513539283	655.348956311053	401.955818455821	11.5521111936001
30.9239543281853	12.2172508725499	2.42119578538579	530.332227544314	339.250396523493	5.87497183157003
24.7664466286187	12.3036152013969	2.00285464291449	418.406633019902	349.659545638036	5.07493989478862
36.1959593283747	14.5844163979902	2.93989863140361	683.452579120002	442.991667162231	6.08486781706972
33.4540417276122	13.3632335897173	3.05314190192124	620.931437591312	401.519241123985	5.88233452812953
33.1798483304366	14.0664745188124	4.32716467723909	522.406672853208	415.012244727644	5.2986855831158
25.6959290263604	13.2753772082416	2.29520798247216	544.877957256241	400.338033721711	5.92050829678918
30.999121386667	13.40992247017	2.79440469048709	686.903607431738	393.336763669962	6.23798463750787
29.7413614239334	12.3578028533941	3.44571241279882	780.726490561497	373.121573430395	8.73503805037669
27.3591964926645	11.6302422026055	3.51336534322942	486.539154934981	362.114677187875	4.77692477226115
27.4566228291799	11.3699930244636	3.38407537640971	652.658517026822	345.222094470187	6.43833419350804
39.0414687962241	12.3514323361054	4.70573796763731	703.411890627371	366.46154581988	7.36008933900209
28.3308264699873	12.6380040980405	2.89098816946155	605.82904660712	364.102018766202	7.66522107080472
25.1455552107488	13.1943903372701	2.40873314026375	461.873117640434	385.068732681441	4.85333822117762
27.7645140375302	13.2200712665028	2.0679113665512	566.443031052953	377.004335100776	6.17627532097241
61.1738191993451	11.1000216535961	15.9789662458126	947.155618924762	326.534004790534	14.4986159962779
107.317957780769	11.2676069129735	18.3165009575621	5358.05879719473	329.751524418223	21.338558098444
27.6074212394499	12.6415443665277	2.72909634235873	621.526022993962	372.998249442002	6.26105683921048
32.2817320197957	13.5759329114265	2.82897911987136	655.59984395856	404.835811869631	6.99090011492922
40.6724724710584	12.714842988846	5.67154187543081	1053.82450703383	362.398061320247	11.0033689599449
31.8742676320005	13.4070487542571	4.35439767361403	604.043059345702	382.724777493512	5.2813875568688
32.5903281010474	12.6948228648415	3.11097883611925	646.112465631167	364.351279098413	7.10278641901565
27.9319393428364	11.8316454871914	4.79827831515429	782.448048392923	355.569064495753	12.3921965721664
31.4638098604997	12.1505639980625	4.14130431592671	583.573229256809	361.247436266241	10.1665558035093
33.6556948897158	13.0549274640863	3.92684209404682	820.775464898041	375.48846498214	8.36405404881411
32.1569006040267	13.6214977388003	3.38080454255347	845.891759466193	405.626859610894	8.85521445964408
30.8464952816847	14.1191954342493	2.53013950703691	651.170227109924	428.237645374217	6.42759214016412
34.8379605357364	12.8324119419266	4.72718337469385	764.175681923955	393.098140197488	7.72383529891871
45.6075209180035	13.4548529402109	8.9702981547717	807.734686508419	412.518527449429	8.67763061527757
26.5262307243022	11.4066302480281	4.00376184360525	635.813362672357	337.703081008701	8.50346828244762
28.1706488886506	12.484990608241	2.81109174760839	613.137817524146	356.000818500622	7.13782070912754
28.0452655720711	12.9028823905692	2.61765066715294	582.614601686156	383.063824943367	6.95858136245845
28.6667152162555	13.3907492013724	2.4120652453492	604.288807076951	407.994484713754	5.418116854205
29.4852919929048	13.1044378844226	2.52338692444581	557.56481946615	381.425909206815	6.40956713248344
29.7872357411688	14.0096352787391	2.82009485173046	516.663472567731	403.604439094346	5.89003368697654
31.5461173009171	12.0173982275302	3.24345672263975	583.455237663762	343.7341577567	6.87767512196551
28.7662984437547	13.0892350290601	3.4614146970045	494.971079534311	386.772961295965	6.16841169725522
27.8681203410086	13.1606265961006	2.99798885676456	654.419548483493	394.457941044846	7.6800296594416
31.8217700861181	12.4238265577374	2.75735690753164	527.545758317108	374.559372801029	4.9550093477623
32.7909629727359	11.9348701436858	4.17174810361663	800.493029145758	346.436927694849	9.94483521899652
26.9079611361729	12.4136335867685	2.69030196844564	575.448572258552	360.482716082536	6.88902952032487
31.6488797945066	12.5416571672107	3.67853818807744	618.179996637706	372.259317945817	7.86071518077657
27.5414422755114	11.8514793977268	2.80762019235618	588.39283145429	337.877173228043	7.59781537488539
30.8675903905157	13.2953252547306	2.69260528792012	555.844374869071	398.731444913107	5.21509515055765
31.5760854618826	11.1727365005563	5.62450718082789	889.961097220391	340.402228669954	10.3089530294902
29.3845393591845	12.4130727378485	3.11136522114864	638.566806142296	375.99824013579	6.62018578043322
28.2906969678548	12.7174743050022	2.87991056701127	655.117309173353	382.293339826057	7.36150969334603
57.5663618457969	12.8771790264127	14.60309780216	3257.63481813703	393.617834488934	22.7819005464775
25.9985301325501	12.5422099567671	3.10473238020799	454.01807236282	361.765272369883	4.75761259683504
32.5212474867568	13.5574074958822	2.51387924724096	643.212655181167	396.51738660833	6.82811381631911
29.1187086660687	11.3228421118497	4.30442067179776	704.341658054428	341.329484829954	9.39716374863664
28.3148785395337	10.8665863130552	3.91335557414351	713.793643787585	326.811771206446	7.43478578949664
33.1533685618553	11.0247390032344	5.12065457198919	894.894372610945	321.022515835504	12.9751909909763
28.9719501096007	12.9053268912898	2.30864986958471	549.12887375116	375.009787965032	4.96761635147085
32.2350880488404	12.814462874493	3.39454141664774	762.74151617172	383.458026044665	11.298793659326
82.1559239943369	13.7245407170634	15.6202837963497	3640.10789774969	415.054547295679	21.1460130441993
32.5758510882519	13.8779449569733	4.06437726056481	758.020388356528	431.082738976382	9.57324146506203
40.8760657929741	12.7106399212221	5.19765927327459	1031.06178524047	374.751601799821	11.1531472103251
32.272971908633	11.1876907094751	7.06805092877186	1377.68593280605	330.588141235317	17.8984964252906
36.8335338686282	13.8401563497032	5.30867078171729	732.198352501725	401.899055357707	8.2794553937467
32.576036043637	12.6496574964965	4.70425839821779	556.626818359904	359.427533163846	5.75498698769781
34.1427377375526	12.7394071137199	5.37979919994692	586.10477284145	357.840044511702	7.1176094220616
27.0813374909033	11.5863986655694	2.96433488395912	582.543564844779	341.946517417896	8.51021406594342
35.2973455946726	13.0459644559826	3.80529744233382	709.758342193848	367.424110126419	7.01407786498201
29.1067582162299	12.8919403954042	2.95736930483361	516.128489301569	365.810018483558	5.25030775223504
27.8493730502543	13.7450828356434	2.4339054967747	448.931358682872	390.884171538131	5.03014456818707
27.9131157610595	11.860066202268	2.50353564856276	537.081131592456	338.822390600702	6.18563219445711
25.8775591306403	11.6354807329403	2.33734254187059	556.321226921871	338.648976454214	6.15644996738945
29.2077658032314	12.427204613308	2.636394788328	512.06457811849	368.574453522028	6.84280368619555
37.4424968667781	11.6325243875214	6.25008082986625	1293.35993269972	340.675339387417	11.5718201849671
33.0373122118779	12.7657830817456	4.47563594777508	686.766451765382	390.324845179826	8.00736232881015
31.1682119593556	11.784248508018	4.44665015277622	636.743839451802	327.548118951146	9.16435797169169
23.6197213990913	13.0457225484407	1.73876599558375	401.517433710157	396.526147404519	4.0208517321258
24.0819907292354	12.5435512293245	1.88289876900121	442.225692405373	378.834564063512	4.48289660514092
28.1907257167079	13.5515651827529	2.47567652126621	574.393424686426	407.252011086858	6.29176406056255
25.0340851740665	13.1545328698909	2.24674641476076	490.302443263503	375.172370801416	5.85563956000409
25.321950280514	12.0506316592955	2.47209511918083	495.306683791873	360.365416408607	5.22029341684428
27.9329390811558	12.0773318027174	2.42584761234455	540.585173860073	352.12040039359	6.45345423197204
37.0085830699867	11.7536878062642	9.04115935403443	588.571389744074	351.544886650993	6.49847611480048
48.9492969778463	11.2084171255971	9.1624706142327	1091.021717835	326.01557790107	13.8013412366577
30.8014850453714	11.8511686704728	2.83331722450176	545.561363259136	348.722009627166	6.45534448266415
35.9660447126323	12.51483934066	7.26584901824158	1003.08075534341	367.325847746717	15.1412640156883
29.8531712035774	12.1022074889573	5.11601004773317	595.508266068409	348.037627804503	6.91435487485863
29.8595530076198	12.2434046505822	3.21435889021791	813.112202954493	370.263513441116	9.43701313236197
29.4385344212354	11.5175229781057	3.23868479047826	471.9230287035	339.981168785667	5.00980903653178
61.4490606956905	12.5723057343354	14.0559711830303	1452.39054293397	374.92568092955	15.987697656974
27.4197904217508	12.9737362379264	2.2825537518216	486.057272219955	392.160253481784	5.13251235238809
