mean_branch_dispersal_velocity	weighted_branch_dispersal_velocity	branch_dispersal_velocity_variation_among_branches	original_diffusion_coefficient	weighted_diffusion_coefficient	diffusion_coefficient_variation_among_branches
13.1886167037281	6.05936983946625	1.49476842621281	87.5149078869566	77.8938058894047	4.62455184888339
18.4518063530266	6.49379639192056	2.15623670833326	134.984172000252	85.9867033823194	4.61660311542623
16.0353239185724	6.27255029496047	3.01983667221132	111.855261898491	81.8981568732795	4.18846137318692
17.2544069676705	6.89135300991858	2.21544742670066	117.192549351034	86.2360614528514	4.73431171589979
17.0344805777027	7.3126377608061	1.85312144330826	111.596397519354	100.801929031962	4.66110072553207
15.4885838603565	6.00375345882736	2.03065032372943	98.9161205379686	77.4697751912434	4.52586591846846
15.8463634250453	6.55303748628478	1.60752721071254	111.627044755432	93.1502296020306	5.07471272679201
12.8052310501693	5.81008175172207	1.61921843363079	105.456508301492	77.3975199921505	5.56307511280591
17.0267585981202	6.80464345001815	2.4511808627447	140.760430026182	91.3919361232908	6.65511408965646
16.8632347283127	7.18172112443646	1.4939967929689	115.983059070263	99.5907320829942	4.84416049888765
19.233519815276	7.23031746009826	2.14622638360976	114.639611780162	89.3766562996419	4.54210611392162
17.4583721099472	6.39934997937415	2.3756775551703	112.639105183497	86.9014863765763	5.34298228813927
20.9179493101776	6.87633591026721	4.56254603362498	110.794725137803	94.6562845149929	4.65496542166432
16.8287570293668	6.57205878455008	1.74500092173589	114.993462104306	84.7136917135853	5.05325405686594
16.2505178140346	6.65007392637497	1.64816224921134	118.412584648071	81.6462791668012	5.24054815298986
14.8679939946363	6.63962351033147	1.69506781668116	107.318487518739	86.5121200974742	5.28014161612326
18.0231871230959	7.40365136882942	1.72568170502232	123.523799308665	101.614579835103	4.23719202499495
17.4178984764949	7.6761925663803	1.731442224414	120.682875283863	99.9226758727621	4.46400171774545
16.7338401033759	7.14434491192232	1.61939701214686	128.228209356401	100.357611630913	4.212823427831
17.0971476710533	6.58061769267363	1.92158176061321	134.246561219313	95.3558595833682	5.44888125526368
14.820719166836	6.82313216791229	1.92408822228417	121.360521282056	92.3534382778735	4.96152951156942
16.9610769297207	6.86105537007524	2.11763201607845	111.808243992157	92.338930989757	5.49925939826238
20.3559767640667	6.46948937167951	4.63131446874588	118.754953555127	96.1257735894468	4.81225261092315
15.9296267287572	7.03949792316041	1.59324298220654	127.111259340977	96.513979527822	5.47052092555483
16.0966656662283	6.42297387471238	1.71861634940095	117.969378931284	84.8753612027631	5.47591217954077
35.0823006074896	7.00953834349259	11.7785990298187	109.163238924971	102.430623752228	4.94549634814882
15.5700795158798	6.54167328232757	1.71217199064619	115.672741420168	94.7725119269774	4.91796477356131
16.0642552523465	6.2094314048669	1.70651505421257	94.1471480312447	80.0453487192439	4.54426043297187
20.2102233470333	6.58697821060021	4.00054122993191	141.854988854925	91.4655143431399	6.08017937457382
19.1470445759549	6.81322893007455	3.54638634393282	107.753799850597	86.0376071563985	5.05458700611733
16.5989189492055	7.20554863453763	2.20509177697824	107.238495571407	100.536361378437	5.00205737161406
16.61260684452	6.69327962259395	3.02136274759091	115.225629075409	90.5649865376489	4.65124409610624
20.18075121009	6.85589973271077	2.54098290654905	127.980201064411	89.250117080169	4.74643227398191
15.0500874179363	6.51672616526997	1.66993178924537	111.046350787398	92.8436108831603	4.41592411462531
14.9669269638251	6.48819388640556	1.5980172343706	110.949321109188	93.1360882948489	4.97930857039441
21.7907960493003	6.96935284074805	7.28782394898681	159.702973247254	87.0233506525592	6.78811559010651
14.8126938708842	6.45705060545336	2.12202241941212	114.463777050243	84.4135645772534	4.97966686487671
18.2285275777556	6.48348185998062	4.84268721864056	100.536131344909	84.8902957940953	4.62300427711805
15.2915727482052	6.80703116742368	1.64923262441393	112.798134964903	92.2532970963996	4.61072952371627
15.5388838467637	6.6125926859273	1.83967737441694	120.217702372378	92.5339386357097	5.0935863029978
14.7515525523498	6.54997395180345	1.35831168049111	105.540600420606	87.8282666207164	4.52681136589423
14.771604731313	6.49791305801318	1.5594321390764	123.33692071446	90.3295646269995	4.80511980521621
22.388902870301	7.34338828553451	3.44499344881367	156.68525778337	108.356764234552	4.97631597829299
15.1784508948109	6.63344549494901	1.49064871416503	118.240589634213	94.182284907406	5.78583467672245
17.1392851310563	6.67558413355107	2.12101730072967	119.103877078648	95.7110774511266	5.12580622228027
17.6701642504591	6.84076300476762	2.4096304394208	143.112485299083	99.8423158977606	4.85131653151554
16.0203768875164	6.76015315065684	1.86771189661711	122.314028684344	92.3702381497512	5.13571400528115
14.8393128292223	6.98749332737956	1.28688194721028	116.043959817047	89.2906795718475	4.5688039491676
20.5030663854754	6.83925632672363	3.30342964771251	115.952536855844	84.511907877062	5.11290305717654
14.7372120329609	6.62780483263921	1.81185940911229	125.828358205228	87.6446596582124	5.15538675875416
17.6040569644137	7.07094504721373	1.80745424675314	130.809814666444	92.0677205195244	4.541171127834
15.6883395097479	7.18050059943103	1.73580747578568	102.205573735968	99.1480661358295	4.72128319825188
16.5227064696182	6.92832935763278	1.86854608332784	114.812670290302	95.4491069676916	5.3937576603818
15.2291892038915	6.27460555051238	1.78887791845997	101.736967757785	82.877308462994	4.36872283144219
15.5491315276121	6.47290959857061	2.82479803410285	115.156742959763	79.4907744576396	4.96146032037454
15.2415372498071	6.76255504631241	1.90240073132981	102.044092128601	84.7295688708548	3.98871558517897
17.5959384793806	6.92234833395385	2.20992918615467	116.77773170533	90.4818850890675	3.79147111889211
14.3131045387442	6.76924045260804	1.6277350778602	108.671467363413	101.686778909011	4.92151857036413
16.0279120222296	6.60539623780378	1.81698944350564	126.128084174891	98.3617143445128	5.22181414652496
16.1019821023438	6.68361145966172	1.44927568851615	101.379529278986	92.4348938298788	4.20277239500527
14.7617110064749	6.56815051821885	1.4752337629566	107.728367654309	83.3520250769908	5.0309477123291
15.5728803120927	6.47224693840155	2.06058946458346	114.534690487183	88.8113238335482	4.6876872039158
13.9414968312255	6.40650242506652	1.52633612552759	102.970521251786	95.0793422359005	4.45893458762382
14.6121639620381	7.0828030748118	1.4728375953313	112.248341621471	97.1944410805037	5.30120159841703
16.1130078070279	7.09045044670278	1.55940695352324	113.012470307941	90.4035995439579	5.42432793247304
15.7706093124662	6.75888922702547	1.79617722564977	105.551333741144	89.5217278459282	5.33808182673026
17.0727274766082	7.25127443730396	1.94669711506697	115.463701302216	95.6558934448591	4.51798054800006
15.0734221755403	6.26638109343785	1.8306391026819	102.670916044042	82.5803380076304	5.05983359517641
14.1220826309175	6.1788580692735	1.52097737777092	107.726462884278	84.0237527868941	4.63268656764378
14.0581978507073	6.22976448766565	1.79655907139859	123.285802454263	86.165055940233	5.53313797217961
18.226049160554	6.9621802863457	2.08411203147855	125.430988665334	89.1747204327526	4.42477067161481
15.4707428627332	6.76519112290699	1.54030662182948	110.918625419946	92.1345081220042	4.84972392210833
17.1404579848639	7.04608842518597	1.73080491407811	133.401824731662	99.3954163881081	4.11721849698759
15.074683311974	6.48583898174563	1.56429747093135	115.604122684978	89.5671016408428	5.29156805626167
13.2341494556682	6.50751409817611	1.62863446307669	106.326022401517	84.7184886529017	5.96723530442095
17.8660384964973	6.92614076181737	1.62109319623409	111.091445253657	82.0385247194377	3.73432266307854
16.3131220238647	6.95988262218507	1.92042181520788	118.606648119567	102.422659240421	5.19055158179151
14.7532908785047	7.08064103462204	1.38827908827323	123.651079526896	107.879126186343	4.86279014348658
15.5829842635207	6.24783446134306	1.8677244586551	124.157812278685	91.4219742449178	4.61030931900419
15.0980390567232	6.62480243294206	1.6456596320734	111.284801066444	83.7995454208405	5.23638188600808
15.8097822017453	6.92024170243383	1.5664418547783	100.176569192881	102.513331545868	4.35788462086011
13.1416492207676	6.03803527747767	1.45652816737152	93.326156726203	83.1232416553109	4.18349686142588
19.5500367326341	6.69657544002811	2.62525264481685	171.348736962232	87.5099843847413	5.67943602405811
17.3609729340784	7.43704606230309	1.400408118682	117.939664410112	92.3915774092879	4.49532540927565
15.0746134443574	6.15760925392171	1.83889037215672	102.209809421139	83.7780438643538	5.74250943091785
17.3970760644532	6.80264730500425	2.21129801421119	127.591539820214	95.0767356144325	4.97141324456094
14.5143908602546	6.45837049354636	1.42208577542358	99.6269165005646	81.0968525185548	4.34773322095791
16.468089721733	6.42010209652304	2.11459774986833	106.142746866346	80.5388744831229	5.83385397914253
18.0132956016021	6.7146962039601	2.29065665693957	120.069551331142	94.0336535990291	4.88456806158124
15.4462394589812	6.57858549246184	1.70794218655165	107.75678640732	95.1415800449745	4.88161878550642
15.4241550786606	6.85358445146667	1.66671734206917	118.550766053632	99.2436504518634	4.83320027064645
15.3896498850546	6.58393814183519	1.71247761774944	116.554569617224	94.0163278512021	5.51078972590072
14.5721312587216	7.0431215357846	1.31865079375002	110.717185111239	106.359137333661	4.71839415790183
14.176101653404	6.10098731953044	1.7979969106563	96.3592772284359	81.5503762561644	3.88528846039789
16.0872015423299	6.52090905022992	2.07746189062756	131.057981391699	86.4104439473609	4.98263064997537
16.3116151910015	6.84198888346134	1.81289347074663	126.01992412427	89.2103880877533	4.8138780702486
15.2947777640289	6.36189750866021	1.86066169026491	118.860452838509	92.8244727973645	5.12479763030178
17.7553593287486	6.24303157250691	2.80800576590401	119.731607923788	86.1599626195378	4.46001968231465
18.4301245020232	6.59091635559381	3.11240092649533	125.199765208394	89.5153406612718	5.18124713854211
15.3063612645886	6.71169116287216	1.65121780723099	123.549953747736	100.465801088777	4.65590075402644
17.8468959971669	6.4485626998933	3.50278849969622	181.539544361023	87.71132392051	8.10781724316724
14.7873091518467	6.79157008868409	1.45327246593955	117.529137620179	97.0869779200947	5.00456326324373
14.5594246598931	6.63419558376097	1.62972888436597	100.655918915839	85.6730640022104	4.21826232090305
16.796141194944	7.44877818212961	1.56991495450059	128.13264164886	98.0174774050541	5.09236380742032
14.9434589049434	7.27727244146659	1.31623030987491	113.904809719915	102.610153247868	4.54654815325815
13.0109474038386	6.18751581123025	1.62158444952774	95.5840711919799	88.3718509078581	5.54427901119078
15.2546920737035	6.0214699465756	2.09005545366497	97.3893898698714	80.947942806403	4.7055911470528
16.7508267995649	7.13728945944125	1.84645364372034	122.11761820333	102.647068741348	5.09388459230753
16.8772069064662	7.36514156168995	2.18367004334078	116.587320939794	94.5079930336504	4.42273854110719
17.6246795340119	6.62451828574558	2.32595299776489	115.978289285045	89.8532264419972	4.60225152266472
17.7388247862669	7.02060565824742	1.73438895254038	115.27447331555	86.3936352985801	4.52278852692535
17.7541879347769	6.84786442461265	2.0296970421219	123.463033301071	96.8809438812646	4.77136173164597
16.4940889005016	7.00857053555269	1.63269697237258	115.652863444063	99.6679281799385	5.51174948042533
14.3866134400418	6.5765551018698	1.67353055684795	106.982471079743	87.3375385839255	4.3641024439799
13.4047871392962	5.96619815446609	1.57122635422468	111.619452232181	78.4032932265285	5.10295257550209
17.234754668269	6.38142919141102	3.15958618982011	121.873343405021	84.4216386497235	4.3533290576698
16.5247336911108	6.89091618251705	1.48996448399426	125.360001297284	95.1344065508769	5.20033745142793
15.1846703346063	6.37521369234252	1.76904859039523	103.701866033471	87.8529920173004	5.29926444509504
16.2210387131163	6.45403093756497	1.8190417194857	111.070964317419	86.9135975201624	4.4380372894069
17.977558773601	8.19778215669156	1.60652537846175	133.596572775887	114.737863884379	4.32649830167666
17.7739838020252	7.14519125691532	2.05424671183477	121.732220902885	98.2000112752242	5.08139728932907
14.1580722757936	6.30846482227346	1.63502782332167	106.076504590242	80.519733742012	5.48010117554005
20.0767625754394	6.762852050747	2.91876103001608	151.885812196921	120.629007664509	4.59880287899636
13.6144412982569	6.672113542587	1.2660465289094	101.162481071305	94.0242756460039	4.64780938508914
13.4008205957684	6.99061159021447	1.28894969827075	107.483747367342	92.3769670403611	5.31940276776325
17.9701843104152	6.93028172293254	1.77597697363772	133.669743184682	101.062395882969	3.88754934378583
18.7806982060864	7.4976395061045	1.6267782573442	133.057905073178	103.135494689932	4.64573181055356
16.5581864676788	6.42577539225985	2.72823438234254	109.500225776019	84.9011294227395	4.58236296228155
14.1379152163001	6.62321754700985	1.52256685132944	104.883317132741	84.2815384948447	4.30658588338105
20.7968656155578	7.19982439930331	4.28476273557831	118.508133019026	99.1167233022773	5.0799250783964
19.5533558456431	6.79666271585555	5.21005980532499	102.951402445465	101.85192518285	5.18291114263481
16.7808182116917	7.19303394882423	1.72268872700145	118.650872921636	100.175178293828	4.74947500789886
13.6978300018084	6.66926406347381	1.69229667626482	121.570378584211	96.4082074245036	5.19069981822744
15.642541139972	6.62091269771237	1.91720174173183	115.151245035878	102.694128124341	4.75443016037838
15.1855832963844	6.37179205345083	1.81098457207445	117.835317970541	92.4030246225925	5.49566064108275
31.4977639569764	6.90827579997099	9.76432217732978	134.844922188084	100.493607279056	4.81554392225596
16.4037343028899	6.55634592746882	2.04680527209397	143.773907963476	88.6523136399965	5.29526292340147
14.9256351526038	5.7339527365756	1.85593496241617	105.365493492554	68.5308381998839	5.77700127327382
15.2893028724322	6.6863778920862	1.65604780003185	117.09441140801	90.0946958654216	4.72143092098876
16.1419856151059	6.77250299206359	1.52642657052506	106.050119462661	90.5086405133661	4.36098654229865
13.9952626994101	6.82860032102833	1.39882849572444	98.533591746062	90.7276801352969	5.02165269543542
17.2522099490241	6.67555081947854	2.60644188492376	102.23700673685	100.961152524821	4.70866603313115
17.3401110446747	7.38214905748851	1.71671404329137	116.485073743367	96.9102224220803	4.55887874019166
15.3740768273249	6.73823925459724	1.50066289648018	119.227112856622	98.1224049501749	4.61678987397378
14.7106289774336	6.56879484383895	1.39344898919702	107.768194862977	88.3869682211599	4.41239005519673
18.6270722700499	7.02230763349432	2.14147692414892	130.2572198342	91.8706110283915	4.96047130452766
18.2386910949798	7.09385860694959	1.79910854491145	124.545207174536	95.7618742738924	4.64537925689566
18.1647297792103	6.90572867002579	3.31480766619856	112.567487008266	95.3803630916716	4.27994836888089
15.1840875135099	6.99030613700528	1.60537945886642	117.933631738859	110.382253545275	4.42263746307302
14.3416794628872	6.76513519924793	1.36063858051569	111.826342794204	98.5550103636666	4.58068241841091
17.5554428919128	6.56341593428979	3.18275404446565	112.581717385545	89.5608814842664	4.53163025235288
19.2404487819873	7.0753203531932	2.20387124406566	125.696260241033	91.7320452920975	4.26352911841258
14.2604519447919	6.41805238737333	1.71712797353221	115.362435751299	92.5143274772306	5.41437115219012
17.2985002593312	6.79204064788925	2.40107165856035	105.546239929953	87.8064048699422	4.66719831166524
26.2434118529203	6.73115881997906	7.37611018845806	123.638784117708	93.1603278661835	5.10542162447581
16.4794039226598	6.10704496691968	3.48417739847674	104.964468185895	84.4717032675977	4.76207324740623
16.0195234679139	7.05580917381352	1.52626669629404	124.413008234276	95.1129996748691	4.39485119008261
19.0294311355257	5.91992470594209	3.72969540987173	101.915454659765	88.8307653753632	4.49914593460206
15.2729813537681	6.34261456997452	1.80646061940893	112.654865767639	89.6239905504297	4.90951053952895
16.9895603419906	6.40789554311259	2.60991720938547	117.387255747757	83.614645238453	5.39298180442673
13.3666373530685	6.27531467022447	1.47079287108185	96.9551176431174	81.4462984551863	4.67710192639542
17.1731620643095	6.80395847335727	2.33446970665614	106.17062026209	91.7047755858476	4.078852622116
13.1856625069252	6.99320470923272	1.27039518288283	107.819819896173	87.8122991355108	5.57465240033028
23.7238708189651	6.61384065415342	7.56437512113966	127.303250507851	89.010317163522	5.15598863046841
22.7656520944441	7.35206172509444	3.78748353448733	124.463969984785	95.7628677789497	4.60086915189402
16.8275044208075	7.03891425343604	1.59425860404349	120.493935334449	90.0920549628682	4.27243453938594
14.8036709753938	6.26756061113296	1.89639997916955	104.496934599421	81.6104581806005	4.6724797919147
14.8427924319332	6.8274689262362	1.59234365307534	121.388858105779	95.8256442098791	5.19165570915094
14.3543366785795	6.93234218926814	1.35504448801311	115.931007268219	93.6679438650468	5.13041921211563
13.1553302302661	6.30941771865985	1.49976794137801	99.2523975648565	83.7812970671553	6.24782874323586
17.978400411094	6.22168726838055	1.98913451618276	108.723069313372	77.3160326841044	4.4285290667158
15.5172070586018	6.86743495889831	1.68516489634784	102.611467167631	88.195671618967	4.30764662962872
14.8545122997466	6.85018601874842	1.70806168630976	108.036527933216	91.893782339578	4.81037939727437
17.0527534310011	7.13917953165314	1.56253442071687	122.134160919477	99.2543198512002	4.56423567108784
15.4968764341539	6.72357868654432	1.52441642425997	105.130453980867	86.9694920547031	4.57634240089865
17.2690345761578	6.58793412319759	3.14084188697772	117.705232553071	87.7272758764543	4.99956807608238
14.8417156125252	6.1353416860276	1.49982540089858	92.986823669107	76.4254673958873	4.26446108576162
15.9671074585463	6.94509206078034	1.48834275361064	119.108477954301	94.1472789696728	5.05579370121222
15.8964047302953	6.44078076690258	1.77702577284953	132.426253008487	86.7062152497025	5.08573771590883
14.4136416771517	6.9174697934674	1.4711634497948	111.118726197414	98.4486493470022	4.63514271437814
14.5039976120726	6.42670885518776	1.58760246910411	119.710677594938	85.5954976786629	4.50038941569219
17.4774800398158	6.90085795802953	2.10127786752094	124.414995566698	92.2839001096997	5.15243048097242
15.5291750190945	6.98740049417521	1.56608229639848	120.732713633021	96.3488098919791	4.91302629729248
16.3741280870621	7.00797211797292	1.86741586061519	126.81633632998	104.220628056175	4.93140848224241
15.4492860597853	6.61247893103113	1.55625224862688	102.327009887599	85.1681893442997	5.29020743980025
18.8735402077481	7.35439147666362	1.81524398787486	126.025261284216	95.9796576935541	5.47386440330347
19.6919165363648	7.00562780071471	2.73835242791147	140.767517763518	87.0265576390359	4.74630882642215
17.0133317371245	7.09763242094508	2.27260477428987	112.388528324872	98.560169751643	4.93647473768346
17.6844044660032	6.87519557994087	2.46823177203064	109.216720633919	88.284256525241	4.55598980543832
16.1057515755605	6.66966402672737	1.97458010567512	129.054381922629	85.853004912058	5.27388262066792
14.7370116837401	6.91681032246391	1.81876641759765	112.016559368848	90.9953429983146	5.82693159253664
15.6887043293935	6.5368361493376	1.75640087139552	107.963739623165	95.8601866255606	5.40567335633383
14.7221173113788	6.40702423226155	1.57840987534605	99.7490262130698	85.9801201051782	4.82180857724667
15.2650802281665	6.46797952681509	1.45976032083687	93.0973751916684	86.5507228064215	4.11694173331286
15.4286797703861	6.5065803317104	1.59309870861593	114.917716438195	96.722380131364	4.78711711899499
14.0313390359429	6.51849618977364	1.73367831779997	108.854529495089	87.0102393884826	5.82324089638035
14.908692197957	6.7215577179028	1.48766407690719	108.844211269275	97.603809870647	4.82543955778231
15.9414478211853	6.64725565206639	1.75821352938184	119.166517326879	91.9884269822776	4.59961087956305
15.3312206722076	6.26740152062489	2.4537543592751	127.61893982186	83.8017970559828	5.2605475732187
18.4100896520808	6.99008502863906	2.36394342811382	144.804413324797	100.98222392941	4.83984291089728
16.3643411211401	6.30094239959339	3.03348116150128	123.164181868056	87.3853997211377	4.57325782100767
16.058194517149	6.27558802145183	1.65106319269586	104.770517352871	82.2746631410798	4.84367365337682
17.1852610776907	6.69936676393769	2.10659884412714	115.343220961208	87.1640677472433	5.41595701311245
14.8262721803402	6.31400441927877	1.60813956885351	96.991243272253	82.7489185074659	4.82273979841041
15.5948733095659	6.8675914585319	1.40650092328485	100.007395815901	85.0400053474224	4.44000560010658
13.953501909302	6.53002363089553	1.52233351037096	103.523139418337	84.4825187708629	5.5127481066082
14.7100788674222	6.83083099992551	1.48476145685325	108.327246061369	97.936904665891	4.78058694407319
16.5787645129969	7.05198005859407	1.64049041452605	125.890565477257	97.9002121194951	4.91697577148542
18.3239815988407	6.66220534148328	2.10774560333922	118.592693651748	82.3617495490533	4.944619358698
15.1381306415166	6.70516148714272	1.48274586850797	111.629288895361	89.029135848647	5.21317838959294
16.0788420501143	6.0548838765175	2.40427277073646	124.791566585328	78.1420402435305	5.27942975137953
17.7218562161723	7.10260045508378	2.16905961629113	121.844110082221	98.989571781787	4.22350718882864
17.2954557576051	6.95288772466077	1.99265134479526	126.637103020614	100.425688046451	5.16711122989011
14.7753576241345	6.05131414749975	1.80465637365576	92.3800129687652	76.5055621252572	4.89473484115758
13.889076256308	5.86184527101856	1.7971070033087	93.5157713726928	74.0113661014673	4.97568249093043
16.3729753702074	6.704216578194	2.06850275432613	126.721994699142	93.3479673564451	5.16729376828296
17.6715894173208	6.86001558475167	3.01796956075037	124.879345411775	88.7779034146034	4.46140239100447
13.9651212682614	6.98270153576628	1.41130132500484	108.822191657384	97.5399604217471	4.99731261571908
16.0572192221052	6.59354124261332	1.83433117739633	106.851198904754	82.7175344822744	4.04803413397409
14.0949461033644	6.47311963642428	1.48086367297671	101.317710953915	84.6483547291916	4.48396395145016
15.3622691408589	6.94813758163517	1.68529384396245	110.012805519054	89.0670718525142	4.12967228441745
23.6532028691656	6.56349802794039	4.80354266456391	132.898291326074	97.9951145694004	4.39047814333079
15.7512613190264	6.64404117600309	1.6527178997399	114.191519133805	83.876520446958	4.66257959182205
15.4233819598309	6.97210734214627	1.44414188456504	115.474319356024	91.7262852810543	4.24845268575358
14.6451707221298	6.26861634778064	2.58835152868149	100.620367351727	88.6361154998842	6.17100572261209
15.0153593382514	6.85905613699842	1.64619127757696	117.344887507234	99.347787994512	4.66955763395669
15.2283757861351	6.67732437697243	1.61227364339307	108.706014516333	98.7091320939956	5.41854085978005
19.5491342317767	7.19359495402677	3.7669811995912	124.99076795081	94.1862156799445	5.57967036586415
16.2610465956747	6.83518311787791	1.84716352555474	128.177882598158	97.7223016570801	4.37549443185503
14.7963553895998	6.73404707654962	1.42234661531378	111.183449525611	96.9628425800105	4.18916952321616
15.8018026352746	6.09096146367296	1.93864370304792	133.292923033497	81.8615801008862	4.98753537790703
17.2932239143127	6.6884591145559	2.43060902323021	127.202505977099	86.9736679989804	5.34138344929805
15.9800805365919	6.34845692230427	1.67819181460787	122.595624789972	80.3380190049985	4.94327112077914
12.8428577276109	6.22006475096999	1.5812183553636	99.7373324874933	86.9970568942082	4.92990511996028
13.1694781975652	6.58296577462214	1.42975810355778	108.375040952124	88.0443125888265	5.12668091034389
16.3838878784324	7.21519999858212	1.84040647814372	130.037302482343	102.149246666471	5.18888411928085
17.5109909709086	7.0717909788536	1.90670740395849	126.902894661645	99.7339772100523	3.87309504882422
15.2811403405541	6.83958081876823	1.35547504093737	105.770307424529	95.146823583584	4.0764339393212
18.0709827732745	6.58431261172572	2.23418300653966	116.835789270031	85.7455014213365	5.16878112950659
17.9271196499483	6.96314655472081	1.99302053503335	124.810268752415	97.2817438450089	5.10631990659875
16.3551749219769	7.50516137180137	1.37955642011792	124.755806209372	100.731915754788	4.39135769455583
19.7861676452884	6.91215694322033	2.38043235107801	110.908571452643	96.7902063298439	4.55892454700544
15.7869387420712	6.7337889803824	1.73124257836934	109.620845665841	84.986075847318	5.03272942734049
14.869323370974	6.42456889804732	1.50743842762644	98.2373373831329	79.1638520319677	4.45007152993365
16.5386729229355	6.52611727580208	1.61612095137247	117.304142472212	81.2617986940968	5.35513436029446
17.3908373705201	6.63182004675527	2.85739767415699	111.568756717632	87.6313346291272	4.43126279766563
16.5658234437939	7.58085049605199	1.5031479799638	119.26956965122	109.897118644767	4.87113523613674
16.9940996083627	6.5312599106441	3.16125047099043	123.749359864936	95.4991845735761	5.11379493063756
16.2011372218406	6.92561060556718	1.80805180990358	116.284289863065	92.9375294913937	5.07997385547363
14.3933102180597	6.11732417528491	1.81533554717177	102.820573470401	83.5990034134113	4.70025444247699
15.8526130091619	6.74693128316152	1.76491160002567	130.705618780429	100.801836896657	4.97493652048231
17.8101389592168	7.01407717316362	2.1676101340451	127.838387674208	96.9417035560732	4.82527345989957
16.5308191104892	6.56517489558537	2.82196798660251	110.338854893491	87.377502781531	4.67921411556528
18.2299325921128	6.86225242683762	2.61982896835698	143.928649190942	96.2890182357747	4.85166101479926
14.870074169436	6.72514531120027	1.78595753643176	113.829042012101	90.8344700476235	5.1672080431177
19.7033195983396	6.59363102773467	2.83795354632547	107.906015643878	88.0016554091201	4.15892207089241
13.4428092268127	6.57431044520159	1.55283750687964	94.7242624115089	84.6123757276573	4.38199788071652
14.6565927943923	6.49488310943376	1.61052638314822	116.623368782184	93.9030068967752	5.52290966200451
18.1122455147313	6.98444981190849	2.38185892735591	130.266978179935	100.419015031271	5.02272124248054
14.7752358791338	6.48552229854925	1.68293162868309	102.392133561215	92.9429601549802	4.87795647725468
17.0274711523823	6.62115526955091	2.3055592371908	127.265001627471	90.145779328121	4.72778096342219
14.1001952454201	6.5785396047076	1.76878038330699	102.854592406805	92.3346506286019	4.07471694118865
18.1419178274555	6.67446316703317	3.74399076628487	114.023043887369	82.8827574834519	4.67352234393368
19.4149126002186	7.24044876389557	2.1910438519044	139.749075345872	95.5134009291938	4.6026295982521
15.7078789594064	6.41929399418502	1.74694299432979	103.549557247016	87.2556758553567	4.59831066369275
16.5413633682778	6.78170435144747	2.14937688724602	127.192806436691	100.267142838956	5.07784307913487
17.5895859101821	6.93664143889127	3.59624342471722	118.172350715165	87.5701339502637	4.42918925109811
15.2273602687117	6.90330099607978	1.66110207470268	104.527096323886	90.7683076122097	4.60410153836375
16.5954986407188	6.77383976527797	2.01089235387891	113.70093389055	84.3645923769357	4.71137732971649
28.990485795057	7.16285789084976	6.78068075533617	121.093911971582	95.5245979028951	4.68297009664097
16.2210227008966	6.85462692101796	1.80951245908144	106.354128296547	100.108080997195	4.0427724105409
16.073004811418	6.51318247473852	1.75228332562344	109.485500195109	81.0692543772929	4.0966173365136
22.3585643478562	6.31910452320841	6.50903015401302	111.614100505635	81.7544656519459	5.73704817689307
15.4886222987914	6.4091348319249	1.56762257448443	115.604073496849	78.2482063718133	4.71851708637043
15.2023444726442	6.85469384373721	1.67966620518493	103.005870294648	90.9741408546474	4.28829577530805
16.5556212417135	7.03957284955784	1.74548592472815	130.14173227319	92.0255846362112	5.02013285122338
15.8883791423881	6.72072632404975	1.55035977361199	125.238003958469	85.3643083048594	4.85267393112853
15.1261572927501	6.41826233711096	1.71226327013433	115.345667292157	86.8924664152513	5.49152247002511
16.9675552987221	7.07985240608966	1.8741229764079	126.834340218901	94.2130202983645	4.23070272091504
16.0170202183709	7.20650115994838	1.56035874802442	110.638181561912	91.1418665699519	5.03288698551588
15.6044699594069	7.07658884090543	1.48772434792793	113.344619627256	102.750683163933	5.11962064988936
14.7313545928495	6.74307902986703	1.77966017402079	116.391048332178	94.5749683854987	5.47703197216904
19.2263481502777	6.56962855649632	2.69303509745645	121.065061022022	84.2608481703177	5.05712026686683
16.6942139009884	7.10380482365019	1.65260391662577	127.67136245232	100.288708117819	5.37064236643111
13.824709149601	6.65526639457974	1.5410780864576	111.445040135093	90.7904749952789	4.32441425705835
14.760518456109	6.9901546725698	1.50785519079788	110.300965378443	91.4630887090738	5.20939823423175
15.4834933987966	7.37652758998361	1.32846433448223	119.684669682332	95.5189578291443	4.47704186707136
15.9574661248781	6.12289570349322	2.09973936239442	108.363747397302	78.1100000805542	4.18834043705542
17.7522914563833	6.92786973563587	2.1284372859708	143.086108532789	99.3950430886557	4.78840816762285
17.1654085506592	6.95946939022438	2.9181403439793	131.414398583352	102.758969796517	3.95712682238124
15.9781440120657	6.34208211881605	1.93395677523952	130.815402758669	83.0683980863922	5.07539843371964
16.7134739524325	6.87024219661373	2.18323161353302	119.078671288706	95.2661373660229	4.63293970436094
18.4104583551134	6.46345265001686	3.74718275416165	121.01970513288	96.7919418329	4.98590885656572
14.627945733847	6.23168575407916	2.11868603299672	106.511771179792	87.1718195495528	4.55234291512374
13.7365527466666	6.30891985212392	1.71543683865774	115.353439784296	89.8051044829223	5.2429256666096
22.6451327756157	6.69887442571756	6.28326303060179	175.189416834417	97.3531842416425	7.95537710986137
22.667940543115	6.78563477665207	5.54938034022761	145.049151794507	94.923525150036	5.10862023838027
14.8799737680941	6.80876335220025	1.36675378143477	112.110873486341	96.8164618082521	4.46427153619171
14.6265756755189	6.47350464191858	1.38901948508481	104.627560958206	83.7787260286939	4.84434717037816
18.023859530743	6.41630947026219	2.14216018864314	114.959496258132	82.7150557647517	4.54404259809627
29.0271441126321	7.10142407496849	6.64473231815494	124.874604478167	88.0659038794813	4.55036129734778
16.9860429438153	6.81521988528465	1.78545087565387	106.294347087483	91.0429459960616	4.850738361271
13.7910487819166	6.81173330263734	1.35737734579156	104.310260736607	89.5963455962253	4.79757686423576
14.7249084072172	7.15782593261003	1.29852634939164	115.812714897493	89.1767248303878	4.78302454572441
16.5858194577494	6.78371988929725	1.64480651483086	114.281923132669	90.7298028581357	4.17012784131231
14.4839186939144	7.08533390566433	1.40944537283908	113.03399102709	109.206465179465	5.64723537246042
17.2621830771809	7.32606155118117	2.09357112637686	117.557936447783	99.9068981745138	4.72039346297023
23.750054708588	7.2413677950378	5.17332370300927	108.240417470127	98.0024958754145	4.39545097690035
13.3739906951429	6.74634350484501	1.23768807488411	96.9634315131729	88.7513028339062	3.91031825874558
17.0758037637894	7.58337998306561	1.74655996242949	123.268844185426	106.789825566279	4.02859106825199
22.98000356893	6.93801441120905	5.08295189727968	128.195385254501	87.1639996892264	4.44309091022988
14.3398184462373	6.6123371401611	1.41999236897661	115.465427720705	90.2450705993224	4.79789948397323
16.2090683169266	6.95385209869685	1.67280523969757	124.575629463584	97.3525184812481	5.09714561223212
20.6999964292606	6.91824466305748	4.40922663708377	117.740916950508	91.1498789633773	4.68233085963305
15.4612532529881	7.66022617183354	1.25039544978409	111.363286510248	101.423558910256	4.65152920149434
16.9827848138653	6.68562327970766	1.74696601421468	117.325102931352	89.2203490432503	4.92281985236664
17.5752019747645	6.9718185898717	2.05988243247603	118.403526555875	95.5999299861158	4.6763641466997
18.904223369152	6.67329230331139	4.65014121210341	131.451421320912	91.13448669516	5.10697885593959
15.8147880101341	6.45302603597758	1.99381477417718	110.626361663952	81.2559232002376	5.43058763549893
14.3025512862951	6.50479959683319	1.4969252148017	116.868439380969	87.8408105433235	5.00525771293389
14.8113118574491	6.52289438912518	1.52465912134311	102.53416219639	86.5450626440634	4.12715186814522
14.6880874649857	6.62312665049041	1.80800599170815	125.475290287739	91.3115993734456	4.86875370723451
15.9956275470575	6.1877106102032	2.06645584707103	124.037683279971	88.6323481807913	4.4494075625765
16.3365357686396	6.67903326148807	2.02167339451625	112.308403345603	84.2480278668835	5.0820325268426
15.172603305258	6.55240568220947	1.80532137448919	101.232173309689	78.6236657645211	5.35084391251398
19.1406941909113	7.31115785354751	2.11067386006023	132.749510276542	109.611586805811	4.06981385682942
15.3352288058185	7.11936083026937	1.39489957924096	112.358624411172	98.8886367581472	4.90947245123716
17.8390422490148	6.89821943407509	2.67306028203873	102.412538255682	94.9174154124182	4.07963471701685
16.4708767060949	6.55287233517612	1.96544013880147	139.859647279304	82.0962579398298	5.27292623727557
16.9395844611086	6.76319118676362	1.63189150810639	125.912781794617	89.2903521234992	5.12423760453456
16.2793272908785	6.29167888427417	1.95921932693993	113.055876459759	82.2657359020849	4.5398762997915
16.9980920849686	7.02833312296752	1.69848811191891	125.000985026711	92.1323125758205	4.74735280969618
17.7755430841238	6.6338469436794	3.52097872117435	128.875551133972	92.5023089894919	5.24259920276656
16.6918340076934	7.0622298983026	1.72333895003861	120.904040014338	103.326438415096	5.39566499265129
14.0672721695371	6.44866409564432	1.59287774238209	113.577703432331	89.3385374834323	5.81182698031767
19.2899993028621	6.62555349579957	2.17634159263311	120.916619490747	87.0752348600365	4.13315479794131
17.1478507460657	7.20992204746298	1.8675039227792	136.138212838769	110.545571094711	4.01768806111452
13.0505512330962	6.38904635485409	1.35089646657025	106.770103078499	89.0151537138118	4.46693610244866
15.8833965174549	6.54674648290849	1.54076317468133	99.0013994244811	79.7821063567648	4.18507588896028
20.0685767887677	7.1903658372554	1.95563760851103	139.437775161623	89.3921916316219	4.95509160621565
14.0469679215474	5.96450354646114	1.76908642523667	108.200206487604	76.1296461224729	5.01852893736319
15.4835263075702	6.84606350175561	1.52833546317749	107.461449568408	82.1567967099398	5.59144932766752
17.7828749919223	6.75420980911871	2.24275835069384	121.243902282416	88.3276126427008	5.00578502977539
15.6678707053799	7.12864069938676	1.6207647031692	118.128199271902	95.6316910179075	5.59027563840127
17.6417960198816	6.71284025549661	2.45358952557256	109.422933989267	85.9293506625106	4.97193958282881
20.1811216982799	6.87408226141122	4.02197455516106	103.664887477449	85.3728352208897	5.14173587068104
16.0699675501545	6.32989883009149	1.96215386591548	107.319531081338	84.596051526628	4.5266024206118
14.3773320034339	6.59609290812442	1.5358751271337	111.192530350743	98.7441055365621	4.95071983667628
16.996137487839	6.51773178009412	2.14178507894163	123.266200448072	80.8126753427133	4.73962620772199
16.7732245649521	6.6248998299296	1.69672341454537	111.14634314143	82.161646868659	4.96764002713898
16.2693242233733	6.61876295006383	1.70617806940745	114.206507119869	84.1813090897845	4.85894256549952
17.122307862435	6.79098801448751	1.6801291193306	123.10618846656	90.7977393113438	5.10251849605519
16.8108865600617	6.74978431569447	1.71669875094585	115.689129437287	84.642135574466	4.29070163665779
16.9553150524193	7.41923980804623	1.66880771382052	106.751842288012	94.1214147414439	4.14991159148103
18.2408201431632	7.0017743674508	2.11241015167795	112.10727709419	93.7934695042952	4.20576706431364
17.3449541686735	6.5688959500957	1.9872486338148	118.948647958601	87.6444686947192	4.51515323017902
15.3480687676822	6.06589129843114	2.24679508811438	108.696929703751	78.2081654157713	5.43144302646763
12.596093700625	6.333359430375	1.36972576679353	99.5971440473306	89.6166264617193	4.9202043641872
14.0762630069782	6.31805304689819	1.56834679316516	98.4228773341222	80.6679098528546	3.84596479457288
19.815559623061	6.60156004717062	4.23743592380656	117.208771791362	93.7955338783032	5.43197290725661
16.6641856697484	7.53925740853149	1.77777001758772	130.898000224275	117.824433870385	4.96796762068286
16.6369641458085	6.5985289452465	2.60976992825368	140.314016100925	101.383707255716	5.40809897999929
13.786487592373	5.84444861433454	1.84410778261237	107.706818448905	71.308167757176	4.91281396409045
17.7468660409768	6.75237286053893	2.31479366259346	118.295326558609	86.4049303033162	4.92368279379802
17.9748467316886	6.8775662972212	2.04103448466518	117.115127650766	86.8514660786765	5.33284453647681
14.7719592376661	6.64616078988254	1.604854723976	113.972135557734	87.0078123467333	5.22034844247829
18.5361862462585	7.09675796352756	2.20467464700452	127.02570197302	95.5120878248687	5.18753479263686
16.2151489035018	6.93233206282746	1.53609593511145	97.6000612804187	85.9294140943014	4.15717767397582
16.8212798588258	6.84951965762954	1.67357060182983	125.772787145668	92.2274912807297	5.46711742324946
19.1495995994904	6.43540440952948	2.75769158311114	118.703789281009	82.724729085029	5.4774604741259
14.4163146603158	6.3399548243493	1.47438339765167	96.7475303671158	83.1142208631783	5.08164418755063
18.248497757991	6.73695817354523	3.84011369831313	109.707815914381	87.5218188028345	5.21739732382006
16.0462123607282	6.84514005708264	1.5885007209901	114.226513428028	91.0790694507948	5.47993160170838
16.555357358734	6.68184184201693	1.83970640189814	113.191224214962	93.4022584652151	4.00852085019873
15.2250931788522	7.07012121167662	1.44000791100185	111.614743149413	96.566876042114	4.69381296595045
22.7295145099938	6.09147382247473	5.77142868206746	106.472611215012	82.552017933161	3.78152709478731
21.266816384119	6.93065867548911	3.70631874878762	130.666307533305	98.4313960152286	4.69551003767822
15.6880491137071	6.99309485883563	2.12710594364649	106.352152793161	101.543386012076	4.01175463831307
16.9144280130053	6.92496620380418	2.01159659372125	127.298363800226	104.58001755089	4.43107606526375
13.7992312108943	5.8109137263366	1.68267610406082	104.053202052009	74.0115597430712	4.88796292434146
13.1058903873517	6.25962589844737	1.69161890325227	102.382912810122	82.1497651629212	4.96216127953138
16.9798773705661	6.98790772467718	1.62788348328748	118.902897952916	87.36375510974	4.6735592057946
18.9539363155812	6.29966508528947	2.87448787119537	125.902528721089	83.9656177597473	4.44987669143668
13.7507892721639	6.24669316154483	1.51141438383481	108.26950134732	88.1869965966776	5.41636744853856
15.0135017660455	6.75476475521429	1.44843724489317	120.090649744569	100.726573148862	4.87417247092823
15.6181768267465	6.53509132276346	1.84813444194344	107.615105627994	85.55618154804	5.17700498944604
15.8008222989108	6.58705933606154	1.84015883808283	107.72284838437	87.2524276600265	5.76702547639979
15.8832158911419	6.5196439954316	1.97497923338593	99.69751767087	81.4986820394786	4.9695691197323
15.4809785422351	6.64507647089237	1.6440935531765	118.808259907976	93.6264201960467	5.54928278215956
16.767075599218	6.77646262045182	1.83962848621971	123.246604880751	93.0824408052677	4.65530312960112
15.3667475843033	6.58830848715096	2.14628370981384	112.589908436336	87.0916245053858	5.64901244159078
15.1253327402489	6.26339859244305	1.61624813958298	101.692352573223	77.97585556259	4.18018501424779
23.9338609204808	6.33939347672703	4.44278099042494	115.278032245873	81.5339676187868	4.40641296505563
15.8692833020818	6.71511861832433	2.10989906230933	120.230979019429	91.8889258603919	5.07468541499537
15.0601073120107	6.23979978132175	2.92595197408937	101.396841345562	82.2289169555875	4.35098013327479
14.1657943225863	6.63115934585733	1.4943406239262	113.499277980794	85.45389996466	5.42007885118867
14.6047218414377	6.37451464163956	1.50462912262791	105.590603447348	84.7821046552861	3.89261332827943
21.8200139476894	6.76298047580538	3.78375938408182	125.071906908271	86.6270089728755	4.98729053398778
17.1451957120062	7.13129116167081	1.64094544726877	118.99369829919	100.122471529843	4.83101470168486
16.2524957208224	7.12040647798451	1.4615265730482	116.724199298911	91.9704143935699	4.99761764969798
19.2100802474015	6.84549488528773	2.10373899212989	135.754486749499	88.5199421858729	4.87621081191172
17.8857568118274	6.84036393537428	2.42444253847031	120.339251729163	94.875155506528	5.21262387360586
19.4627231264479	6.45455369056346	4.74267237334149	132.649180832594	84.0451383503078	5.85536017266997
16.1013836768778	6.59991108581288	1.77871964436072	114.294888493017	102.622163327758	4.77817073103264
14.2238460125085	6.53468561148917	1.37280097988207	111.547834893953	86.968567134472	4.94267365308652
15.2695845417663	6.64928959582622	1.88765847235249	110.11504689079	88.4878497057356	5.12067897427164
20.1543281084872	6.84386100869332	2.61623323358016	180.311924311694	98.6467056657449	5.37893227162534
15.8770355713907	6.78704678387869	1.72056016161328	125.683778934296	88.9723852250121	5.4402729589453
18.6276904379121	6.88172246267895	2.06196976652158	122.255059095548	83.6403418259179	4.43420214596775
14.0219532697534	6.67711512813098	1.48232016009242	102.288802555467	94.5207221490821	5.18740385530366
18.3443599126542	7.50983640298384	2.47881442451096	127.232813959673	100.962620896201	4.92192740091353
15.2704824101943	6.70511148989007	1.37340388557553	103.961756493151	81.4278607496555	4.10163117222051
17.2696324192261	6.50723010178909	1.89277234260307	123.930446253154	85.3555917719809	5.45108539262828
15.080929101363	6.49631852060444	1.49803713861273	108.403560013841	86.2398364782994	5.62633281609675
18.3557039914902	6.54043395880952	2.04646459005274	137.600249939128	85.0629872552574	4.48143810142608
17.7832696599216	7.15706636351265	2.01924979684621	128.317640060717	97.7247159073098	4.90357198259477
17.8560570343291	6.74495430773147	2.11282596326826	116.226936643036	80.1432437471713	5.19297828736995
22.0190622468452	6.72161524935037	3.50635699969311	117.790736655842	89.6679787759999	4.09016608685845
16.046189108106	6.8740352349236	1.95207300666148	125.483298189695	93.3027787681132	5.16655439249267
15.1025540682705	6.42515480566412	1.40581999424778	95.5603327810378	81.7273542683767	4.13859324978465
14.4802063334343	6.80977285227097	1.487767111927	116.185158980262	103.945060930741	5.13513771828644
12.5185248956973	6.20652684315315	1.36653875903794	88.2466659079725	79.402730686223	4.84965381884168
15.8811228078343	6.58003352192005	2.6679491786328	101.143674155998	85.8696721332826	4.31212747960803
14.3452722327353	6.54333076500065	1.83016401815466	96.0729088519337	89.7530118843266	4.38561146564601
15.7244581785232	7.04055346121823	1.42595315888949	115.607440107208	94.4335703112112	4.74792235179164
16.1853122044676	6.8504052077474	2.28702944262932	123.581499731049	97.8260742161742	5.2104762527604
14.7645550792685	6.72469053454466	1.89105258933091	118.316715199688	108.223002210116	5.01417358849025
13.0827560035935	6.3328147959514	1.63210084240829	101.124413675014	84.0800098217965	4.70674853745028
16.5541996341606	7.30556724594314	1.97714459523225	116.174988972721	95.0800810725629	3.85325030950966
18.5764024700613	7.13590715713277	2.46359283819315	146.539564037328	91.7569717949769	4.95841253307419
15.8181154796747	6.75786722425325	2.03524456116801	121.566539072835	103.801334646647	4.98211267210251
16.0411902057333	6.21346411795631	2.37284534385705	109.130627937521	88.0159184186063	4.72848349707824
18.7353995649935	6.46449218174072	2.4705076311393	132.887433705054	86.609385331029	5.02618493584212
14.1918067592344	6.18256779607505	1.65167770427384	101.283154729087	83.0081926119757	5.7479931374157
16.5578344672702	7.16861367697622	1.78549079654986	128.746728451703	96.8476316544062	4.78501458567384
16.1235995343849	6.55071676101526	2.78852095438451	99.4826305971419	84.9406594765813	4.75419415603888
14.0290809196758	6.31955329365956	1.49168774609221	97.8723549396337	79.4362816766968	4.8243940196438
18.3394949625374	6.81212354886013	1.81695984263972	116.609826371348	95.5379501675582	4.2623360468608
30.400887969849	7.07106106383676	8.39969791244034	152.73367908693	85.9488669502507	4.68821082353013
15.8375639262372	6.89068603903785	1.58864875105422	110.981061993728	89.3142440377755	4.61216701176749
16.3679956924545	6.95382843344376	1.58069583201177	114.535033997079	92.7563668321253	4.54712976000946
15.03484632072	6.75933857169121	1.66262024078865	117.120222902249	89.2352406690491	5.32538583561459
16.4894884419962	6.97168069533215	1.46600143447923	107.788863830994	85.7565844750361	4.00335586898595
14.1989636434201	6.26527542406772	1.54088730848679	99.5683913395061	79.2333305900294	3.96761102232361
16.9376434053884	6.86553227461747	2.00418187260989	116.773352501906	89.5197700750766	4.7123208369067
14.6009629716558	6.53610324910821	1.52608979152279	106.337997540936	88.5414605071078	4.86634551821566
17.2263229233097	6.38513378278003	2.24244718834565	134.059882129569	89.9097593393802	5.44781678639679
18.1624915190888	6.64408003747575	2.73027082971321	146.848186887098	100.773048004763	5.48789142616053
12.9226020884489	6.1610074106127	1.48383994194668	98.1104986270525	85.7823924279936	4.77621197287696
18.4239521460408	6.40723627488485	3.83339756081549	116.900913919817	79.7222200319564	5.26527585807028
17.3607257258038	7.12833992404708	2.26196156755988	144.866953768539	91.5866487046341	4.66496753611532
17.7144957463973	7.45105791830456	1.71729311215609	139.027452255551	109.35993232422	4.62798639167947
17.7889541967347	6.59979820627674	1.65968849084445	119.014097882487	79.6531352201478	4.46802026466214
17.0058371122371	6.74804552422089	2.07081534082996	109.546359405004	86.5476274760916	4.81813665516368
15.2740404319881	6.52575569936129	1.71985558797182	107.704698725261	92.1370232240899	5.21917826590065
15.3801310890366	6.64047714783228	1.64789621680432	118.636633221972	92.0737689321413	5.0021809313134
14.3736375975501	6.73684232028025	1.43897617949474	103.575836568246	90.9478639484071	3.78080266596346
12.9028406725885	5.97339339131853	1.72621500648559	94.8988074010167	82.2642394368754	4.36659786152865
13.0466564450863	6.18159899763597	1.48027737445467	106.195190335468	84.235764628961	4.36536002017887
14.4292196891155	6.58733531354074	1.51857327233665	104.769943244465	95.6955055894208	4.66854226919815
12.8680783364499	5.81751228634182	1.59029245538773	91.5956783094251	77.2452407993495	5.4653660476291
18.091988680286	7.22918004213561	1.89576232017097	122.182593707906	90.3202811495213	4.42031257862533
17.4777207152561	6.86236982529452	1.83329051228326	121.183692230222	84.0094900600509	4.19133904083285
15.2605688434826	6.82620630446277	1.63646434252655	112.186459997468	93.391887118058	5.55112409994014
16.5840084694948	7.0360360694712	1.60290265093259	113.062819793726	101.923153408076	4.24515401576736
15.7080002787006	6.54831091502735	1.76069002688965	119.38634710313	87.8359984637516	5.52734989696511
14.6626186673868	6.16530160520761	1.79341813633406	117.63154110014	83.0909660131182	4.78949403139968
15.0283941058563	6.28905556601043	2.40372009625983	111.754812878289	89.2141492589957	5.57519623006634
13.7573346124281	6.59849268042757	1.49534774049483	116.127803210929	85.7465478757436	5.0427314062297
14.0920099933678	5.99316253097043	1.77760043136323	99.6658862044206	89.9452583372217	4.75535067284073
15.2954877119976	6.30359031348542	1.84251015031293	119.522219939237	81.3199014220477	5.25236157704849
17.569835333538	7.20735501158937	1.95949055106075	117.913424696367	97.9605568954629	4.3317715804237
15.5617984457329	6.47888205629194	2.07811242756396	113.894581526366	90.891641661393	4.95458673219725
15.4129674523861	6.96328705362553	1.58941926054473	107.574492153772	96.1015933283056	5.02934906424811
13.9448142037914	6.13094852256628	1.56740010473933	98.2659782300608	85.4923579253602	4.9179441786306
14.6818215628319	6.87727319831668	1.32941660277955	96.6827158350527	94.4103141967238	4.07399332341509
17.5494057428502	6.53766939266907	1.76240042352006	128.230021360623	96.9801168518949	4.75067143885236
18.2137961443573	6.65974586770928	2.71969211142797	149.796554994271	88.7315829398317	5.10998036512625
15.6759615056572	6.5253602178802	1.63321205594662	111.089811686822	82.860229628298	4.56134403588558
15.7810654222418	6.45414270908972	1.72743523697745	121.19905062555	80.2245713150325	4.60003342490628
20.7185264441634	6.75773739791885	3.44642334501491	155.702253290007	90.8279607335371	7.57788012126725
14.2172085656291	6.37335198476314	1.63557168499797	105.575217822051	91.1962059722522	4.94183241574188
19.7753239651472	6.39654225030754	4.20438496030698	101.808956503751	84.6215877633207	3.95913590970147
15.948382029617	6.838064090142	1.5270331203892	115.867246186864	87.5766535441947	4.23428648239974
17.4450932509514	6.51584771257924	3.01564014869999	133.061566689718	85.6934814018928	4.53097657970022
15.9351408995464	6.40158316374037	2.0191170503584	128.312909272401	88.2900679627703	4.74201733202389
13.1080249466619	6.35210872182722	1.51935171816788	118.537902837403	85.4233869175535	5.43464581848227
13.7321683017917	6.05281093427051	1.52707655622736	103.519894826726	85.0559579163482	4.57943727717354
18.0364292810236	6.85438097968674	2.34991482486138	133.860139807709	100.969817722448	4.96271418075059
17.808221251764	6.34500440725844	3.70279917909004	86.376235454345	83.5140717718887	4.25006410700538
16.4802475648842	6.11651813357228	2.64776996997111	103.94404282635	74.1755524037125	5.4164943551632
13.6641956696637	6.44021357794624	1.7304762341849	95.0808643653474	91.7308321473216	4.18782713302731
16.5776326435886	7.51821551246119	1.65474796011712	111.201749519424	100.481518023777	3.5128911526478
15.4713434606524	6.90836198243914	1.47496553192368	109.969684644336	87.3541081679147	4.63396824564787
20.7904776615818	6.54906133276047	3.88832864130392	112.392551051718	82.9701055422681	5.51456114210159
17.0694061409647	6.68172325482653	2.77262213615099	111.318898107525	88.983183539192	5.01782040100089
16.3735864882483	7.08990612345766	1.5989015388952	112.070900044754	99.1609685473632	4.65811135022174
21.7223943142714	7.44056981512875	3.33678401515192	138.632046301911	109.195844343791	4.23613489738544
13.9194929467451	6.55979223777721	1.41052121039152	92.2035296657289	81.2071879866836	4.96746836977075
16.91818493317	6.94816748280516	1.63062259229082	124.636579225937	83.7034407827094	4.51271962879988
16.5658469200947	6.63816507299457	2.15080285879802	128.98084935409	92.6245951301998	5.1854883029921
18.3363084841421	7.03042978765889	2.85562664640658	113.449972124005	98.5024871785374	4.45547047917824
17.1102356509125	6.23102228778792	1.89543840567393	106.515740549315	83.3488302473377	5.75412719026205
15.1044767586258	6.72364548812555	1.6165416857499	112.840522657724	90.8695005093325	5.09612952171227
14.7216804718303	6.26305671865766	1.46732318448902	112.42793880881	81.6622815823957	4.84887629328612
16.1772734876452	7.12942363539062	1.74712004993248	135.499707030757	107.092320922031	5.12931887342862
13.3098403389158	6.67664859742274	1.45932152846365	113.018761801654	95.6341086331405	5.29238214779263
17.0701802804449	6.94410506095426	2.24373027704779	119.842760874377	106.818004955381	4.99940377119613
17.6563362857033	7.26147507285953	1.99104515928392	133.795346039359	92.2691638929581	4.30645186051328
24.6281607904973	7.64284935725975	4.90999750680903	133.325556398143	98.4456587492531	4.54056689156146
18.1689911698159	7.12463951158993	2.85091798663028	107.781656890743	101.267520715892	5.16021643840132
15.8831809846533	6.62601599410642	1.88373261533065	101.037369219815	84.024041043003	3.89522587186039
18.3549882856838	6.9854078804099	1.65483079489705	125.560798493465	94.9540804350653	4.40681112229317
14.5510372034859	6.21682094071799	1.84437058458363	102.060804499039	80.0201431728098	4.61070163564121
15.5234388350301	6.06065239289166	2.49812332085824	100.81881522644	84.0896949672774	5.03255295248364
16.0241755861263	7.14047838893152	1.57111418385216	126.110275154345	90.9037306699733	5.30468449340913
15.5808157562029	6.32698999167704	1.65559836767865	105.952527843987	85.3617437076947	4.65806568286747
15.5532125446256	7.01137244469629	1.55111071980097	108.879216303488	89.4970959625418	3.90972304568086
27.1752870469694	7.04367001761305	7.17713466138982	135.025771475641	94.4991295013424	4.31179996744818
19.1929626688626	6.7696257206563	2.95617797412429	136.658202448214	89.420698109394	4.71952935400531
17.9547660917344	6.73613717012138	3.14066863637231	127.699764756682	91.8450576876419	4.37278870142188
16.8727479852381	7.26556590056142	1.43383946810389	128.291504165716	97.9800013698872	4.44819509844175
15.4369871857827	6.4303913607856	1.87896107614927	106.873795274266	90.8937292143058	4.64366092765609
18.0156220663209	6.43269121354815	2.12128100803088	117.832506363747	84.8230847005176	5.23615152441401
15.8847442968154	6.87122125799745	1.74274568336726	103.296289243293	81.0730959931576	5.09422574649421
15.9775026419469	6.82377874284755	1.68268936071223	109.227049380521	93.0612344768551	4.3203821857001
19.1253676088981	6.59882992745378	2.2637093253065	132.051138595051	83.0190715558006	4.81622872314106
16.0170649080905	6.15789079560779	2.01691909218168	110.055146833969	83.2114841635896	5.4369917937726
15.2492761708091	6.36261337294916	2.22957189046381	99.9699945395552	84.674439617774	4.56225502021583
14.6581000367372	6.56711629843813	1.82136048318256	115.395531663472	90.8896625762927	5.3175158541342
16.2690840620688	6.4157452241556	1.95026519273832	94.3152042584554	88.4581397649643	4.29590355097719
15.1546035488194	6.54996642079814	1.93686017346662	100.879360091339	83.7864844571427	4.76815678083527
15.4385768513864	6.49728807249263	1.64890530214061	108.225156264022	83.8483557704427	4.25492635860933
16.9655956984232	6.54621325798122	2.0435442659311	125.939728868788	84.8897182770502	5.12885864531193
15.5101658177102	6.54042615128322	1.83430806461082	116.327208359942	83.9959108124874	5.50891574926133
16.4478413804998	6.74805317405496	1.98139327561183	115.053591294368	92.8650979942867	5.39121828987211
14.2127203129454	6.61181528011658	1.61747742573217	114.252683541113	81.8699296011304	5.15781272829696
16.9527127953069	6.43121135946676	2.44144818771526	117.466986177866	79.7438609392243	5.46312422754004
14.7312238253143	6.51171089783885	1.6198880245171	118.619872437568	85.8298481561707	4.62847489105037
18.1813375795168	6.98587994361198	2.24209793727864	109.932779919673	89.5960660416911	4.50913960848023
16.9059972736031	7.12263929563036	1.48020534802905	111.203500035677	102.100424820981	4.66967215596105
15.8412245083659	6.4721858498853	1.73222874966282	107.943075079761	84.7623525853065	4.39494032183989
13.3402536698012	6.30510586732636	1.38386432734361	112.541037883939	90.0511920807839	4.99291766802588
14.3934043646153	6.71222418616128	1.4714165740965	95.4473198984411	82.8556880556341	3.99361128321765
20.9769845947372	7.2393969869731	3.17164145545547	149.40459793188	109.374960779036	4.76160076202368
15.2676918584932	6.33157900412917	3.05375863051642	129.559434524658	81.3277770709376	5.06883050828473
14.6255106432398	6.37546524066523	1.86487541053115	114.124389772553	88.8545759430302	5.21124523108719
14.4062068216526	6.88043875187849	1.43906546541662	102.992296556242	93.7032182481603	4.40417115656951
13.6437418122281	6.35517120366292	1.47118959703221	99.1284269859811	86.5233112318258	5.05703439388562
15.6288778356831	6.39272689597825	1.80055196079255	131.718819969835	83.9673464213765	5.07692498723949
13.6312024817812	6.42854559134069	1.50918497384351	108.982002716097	91.8910219524044	5.09117395175464
15.5851763183141	6.48947746141262	1.97180638595729	108.575983837298	91.6128093206198	4.19263197390482
14.582339544072	6.23180044699075	1.80794102407273	109.441015714869	79.2560147605099	5.1228514753075
15.7417703634169	6.78039864696242	3.23398948164289	105.88629866571	93.8862497966264	5.05896214959391
16.5597744933128	6.81200748567516	1.86796999259594	118.820126849445	87.63512077038	4.73709434014465
19.4178550852561	6.68411093576734	2.96042558197439	127.243540456611	88.4735966081209	4.84388589337382
21.3705515197488	6.99189667650553	3.7322967482589	123.866586767918	95.8602031347299	4.58957724221925
14.9166440695346	5.92094002253715	1.7320267349028	108.628827040671	81.9728913321009	5.09795178987018
19.4249184721528	6.72805492754864	6.01041736205542	121.423020264968	82.7220695729997	4.82211832883327
15.7205217214872	7.43171251919631	1.64108297433814	126.201921298793	108.114629317282	5.10171946472226
16.434195040296	6.63383521583538	2.07566517239218	113.016737936212	89.3401243060843	4.59317514102888
15.9826967009231	6.27104049335949	2.58412452033328	120.993033949233	85.8126811676877	4.5545181493656
13.6864750381786	6.82480918865483	1.39574974733444	98.0079401487815	97.3861639226971	4.71718482313502
16.2600558895804	6.90373298105662	1.72103545402853	117.821465936757	93.4594572854561	5.38917671462304
20.227630561594	7.14418681354607	3.01170314624639	112.695347184035	93.1002890939358	4.1559589702416
18.5404919242564	6.59828596188177	3.56825043625528	121.509016221461	95.2633252931956	5.49962417585222
19.3702897764276	6.66902049247561	2.00207840601504	122.452762648625	89.8898980417556	4.44047482144588
15.005512095979	6.81543209391457	2.11033460355767	119.906996438491	101.36420910258	4.66669045345866
16.1231987208749	6.53546042356807	2.38493189526003	135.866249546016	84.4636594352191	5.17983575110676
15.9965912273664	7.17878532046101	1.5098736746879	113.726090243011	106.194822848992	4.69088259895155
17.4928944868452	6.86848766042954	3.52132561668247	118.690943218153	91.3329054233848	5.26264437753216
15.9689851788182	7.19219144777022	1.50147346652794	125.239385345156	104.865101519941	4.7706901502064
13.7616714264487	6.50028791663854	1.35697603753689	101.648585788172	87.3534832350669	4.42964887393288
16.0161126019334	6.50473612204198	2.05143161474006	119.422854586416	94.4464624903282	4.01624989917076
15.2396404490666	6.13198896363813	2.46602138462623	115.58265738924	81.0661430772835	4.6008229312594
16.9185381826611	7.01534814982497	1.81432627442831	120.935279544184	97.336448019444	4.83327674275446
15.3573922877424	6.8198835941673	1.66288368566051	131.214887646272	96.9483950954404	5.49339307166616
20.1449000465072	7.31004240110648	2.18412523733022	127.884906496924	100.770941552433	4.36701560503819
16.7677945047065	6.66846989311073	1.90420922307751	113.841559067951	90.683208324563	4.41716735590648
13.7296957277723	6.30541490232459	1.99368034454893	105.200346763334	85.5414977282244	4.81776914061607
18.4206857571873	7.14842422242393	2.56254468132472	126.983368782943	111.368877374568	4.47009465970498
14.6601061735403	6.33490504631688	1.79320547567192	110.653090861071	81.2431199071826	5.38571101490234
13.1878774707255	6.20119270887037	1.47742071001548	103.783258371714	92.5758723222076	5.3673853466416
19.3720396298288	6.70579306698502	2.03236570490567	143.30019667124	83.594474704564	4.77554022209259
15.5697530961268	6.73942481355275	1.60278005408305	107.703621906749	91.9849406016823	3.88123180901421
15.5072669911177	6.95871345639383	1.33170099638711	105.21301961062	95.9014820270337	4.71687552573226
20.8383515061348	6.98592032048035	4.41695722406286	109.729332446072	96.5784902207621	4.69787254648298
15.1949873821697	6.71011468212608	1.64859772432875	106.526540637838	84.5855632419219	5.84105994121604
17.6703017628059	7.40706187230326	1.55588809062752	114.041876118379	98.5220923530205	4.82497174145779
17.2115381341994	6.62693834468179	1.62126001191342	124.868530703448	84.572167583511	5.28280047132187
14.9792559268856	6.66293532195551	1.53759501346125	104.532954272623	82.8240393457423	4.07181292985073
16.4037659876118	7.33472687808993	1.62024912054175	109.396442241455	105.088472787293	3.93801596743772
14.741639088959	6.79037796502878	1.67981137078113	114.728988039514	102.324315251975	4.55403094927496
20.0260390455452	6.83644456068731	3.50607010093596	130.395970707817	89.1401328479984	4.4101992929328
17.8439779931714	6.70685359065694	3.70974171431305	122.07255979772	89.0114118267672	4.90492315160531
14.6701212571231	6.07918197368086	2.13102886821823	106.056696071993	80.3961243979901	4.63312243393822
16.4537040663509	6.72256811681593	1.54306811731949	126.800466146086	86.7883335956419	5.10162449505849
14.5535752306083	6.4016881590029	1.85632737224229	107.546531927257	82.2471520582638	5.75247016303797
14.6641860868541	6.45780920800712	1.57504273309348	107.840240981863	82.0871049864788	4.90914330602785
17.0654645539594	6.5842182448338	2.26806647153481	105.668951547387	84.0190472886476	4.83870987623115
17.2019753100446	6.20180742218384	2.12297895335261	113.28545655977	90.3952747546856	5.72927347825254
15.9463898793798	6.96429769259385	1.56758306219702	120.937023868122	103.68594175352	4.28379269547179
19.080163829533	6.95062920280317	2.28598752916142	113.855178649043	85.5885720622415	3.92520035260962
14.754775347214	6.2859102941252	1.5940751734809	105.191788788989	83.4381276435559	5.00910678715213
15.1508572208235	6.74996425761864	1.46141248507879	114.452918660322	93.0345396739744	4.94312874464893
16.1221421931864	6.39704803043554	2.12314290031724	98.8769849122382	92.6092461235464	4.95015978313349
14.7285560977205	6.52565638617309	1.54145443052709	105.412109392748	83.8796396453572	5.8050413119518
14.7818883824743	6.58126566095471	2.31867505477806	102.320935666798	90.6561469604559	5.63995317861954
14.2453800159206	6.98320908895415	1.42088436106997	103.977652979277	94.3892145521541	4.26146168963774
17.6646376230649	6.84744414287681	2.09759075782862	116.476247144832	94.9891918758216	4.81874892428457
16.9408789239052	6.24507370591198	2.38334665710711	122.131716052439	85.848709568712	4.2956879422264
15.8592504093202	7.07095271705842	1.89642632513991	135.51218932807	102.974895911645	4.63309362061703
15.7303990139974	6.35068008013518	2.70317290184756	113.135675877898	83.3181827819716	5.45061550997093
17.2023235519409	6.88089581902008	2.9715787865709	102.451396958952	91.6578460544484	4.06313834401329
14.4014004723777	6.43295923729208	1.7602328863376	125.121620076935	84.5549373224382	5.52507838911821
13.6044319608998	5.87471784180173	1.83636762568541	100.813671895416	78.119451910673	5.20859023122853
17.2270914797769	6.48474811603474	3.27050575548863	104.795788564079	86.995612569213	4.88728355738666
16.5136366436554	7.25838330875774	1.40174909820343	117.194506429685	92.9748407818359	5.07828226469134
18.7621521370826	6.70496033804325	3.0702588526587	132.976925267078	92.5994349709157	5.17315383532937
16.6567157370078	6.89895912817877	2.20557589640275	135.300278579946	104.331855241914	4.56815782255082
15.5175224074763	6.44654728837919	1.95363335133013	127.271403984356	86.0737110900194	4.99504649786698
15.2736249011668	6.42435111411236	1.72843675447577	118.502137017577	86.7165890713715	5.24989731554887
14.2974271573438	6.27287779166103	1.4125492469535	109.464927012897	89.5695582696764	4.08190579218036
18.6483207509336	6.83439460561644	2.80649779371342	117.028280124421	87.3672274140795	3.98947534484251
17.8656225487488	7.33342284209866	1.76342515759007	115.815161729235	89.7140303712484	4.9927897750245
15.2855663237821	7.06773995557624	1.48680693030712	114.363270658487	99.633197650626	4.23540339960501
14.2381495384794	6.42096382329506	1.35837096157824	101.353897301207	89.2046361999025	4.78406910800645
17.1402141457314	6.88051996609735	2.07155791780039	110.712565926111	93.1061921177183	4.85866484077239
17.6289314783319	6.90450431944705	1.91533406544193	116.200553347581	85.7385037979849	4.80289937178095
16.7961336110955	7.22132059114193	1.53329057618911	129.111252710248	95.657768316163	5.02246801407538
14.3311491610741	6.55035531420485	1.4431884813997	111.240444501095	91.9984413759195	4.73460205654308
19.6259694187514	6.96236220307357	2.53746538864222	120.018722146744	90.6598415735359	5.18850493160628
16.0689931211194	6.88241701820368	2.06626685001076	107.469341606346	88.4451854440736	4.35266950379302
17.5703598922809	6.57483440156222	2.75291709966322	116.641906114353	83.0600083424525	4.76559641070709
15.8999393043581	6.86296914550594	1.79926865024173	113.670900789887	91.7696086369487	5.37162038332948
14.0652986080042	6.48141207374111	1.36712490314004	103.045344030403	88.482099045335	4.08922580136616
14.5497753860589	6.87990333159925	1.35856012703238	103.775893500159	87.7153504724729	4.97779772312988
16.5414096993219	6.58979509462934	2.30687157516152	91.7715541022935	98.4650455349159	4.64641087210001
17.2419093512357	6.4122076596705	2.17135648835368	94.2008548955999	80.3105470105699	4.34265787841122
67.2287554562341	6.78092541629968	14.6024383502331	173.442140168581	112.316691619432	7.11430926626396
15.0265907686884	6.53180228123949	2.37749190619566	113.593890083195	88.5961683737493	5.22706872061885
14.8764492914618	6.27491916455997	1.57574270547289	112.589447237409	78.9281908398821	4.04428529999114
15.1303326140569	6.14061233023992	2.09151272591724	105.003045314705	81.1973547106936	3.69945252049341
19.2654234825298	6.84141233642251	3.57257105770191	145.620662285	94.3082093165196	5.07435334000899
14.1725361633009	5.98304903195657	1.80547074680171	110.641136327672	78.2223157446566	4.52152920228218
14.7267284802037	6.32788622354404	1.84611876390376	108.610701959188	94.1178283229961	3.92632492520324
16.5385492079495	6.86966149379734	1.91497209877366	123.874281262427	88.470264248379	5.12813292888807
14.6756920062698	6.56801028478144	1.60409246069697	106.797759789198	90.8591306097958	4.36480909984749
15.2465762000801	6.46663967516484	2.06829355417606	133.325234624904	88.643471424819	5.37657186094545
17.6961612843487	6.33659433163533	3.31054160279938	115.244403810643	88.6640629563397	4.69657439665145
15.668621101036	6.53389323421455	1.50066211255482	118.405943834211	84.4584586742188	5.12705412624807
14.8648612307544	6.54351785608033	1.60017913449794	118.602130919089	87.3769213663918	5.6543034002365
19.2028948045892	6.1771686001832	4.92608972848603	127.740120355843	79.7521403785989	5.9623746433432
18.7162146186954	6.26529424235699	3.4422127705519	111.321997787017	82.8785390773448	4.67333572164533
17.7920820071442	6.38436781126775	3.44064736907001	103.208971065281	87.7893324636089	4.47181709248463
15.0887702680839	7.27502588841242	1.48765834553514	117.305629393142	97.5129367803106	4.80825942394141
17.4584611635201	7.06382633381506	2.46267643326932	124.325249746592	97.3043807927823	4.3038519533657
14.0441418919632	6.41078603549389	1.65896954444521	111.307888788537	79.8474457261084	5.32090439854037
19.2034587812083	6.17295263412442	3.67922658028661	129.863678640005	81.4278290386186	5.08046506285685
15.7613051895027	6.18453997278761	1.89516471768431	107.890193758433	77.7542501709461	4.39552946105261
15.8351053615459	7.0221530250897	1.75618522407172	134.189816913911	96.3292478595932	4.81030243209142
14.5620635970313	6.79893268536345	1.84891204457934	103.943523792458	93.7452274266423	4.57696723871236
16.2669058272626	6.59303991975346	2.3169232912785	120.221186914695	87.9857802545416	5.20636688649542
17.1156730135363	6.72568530215263	1.71228352336374	118.408472435065	101.068379143796	4.87574896887338
14.9475032719179	6.79536343870731	1.86013094978879	116.809765012089	93.8925650767618	4.20112725139284
15.2721351951733	6.26317045727648	2.7687530996013	116.972372940801	85.343574081005	5.53978719177134
16.0153574978088	6.61419994063949	2.05393327832375	113.136579888558	92.6180133247454	4.59479710892739
17.6076604733405	7.38084410285403	1.80056919901066	111.28293659193	108.162052989061	4.64065817993291
15.5395240633696	7.07754634388318	1.85768107114995	105.759430405226	104.516293276591	4.35312486811789
18.9626901048414	6.67408464971358	3.45897747182237	103.090863165978	84.2126200389228	4.54321411265041
23.7951848443023	7.34963477587518	3.33748437294071	132.576949282183	102.025997209628	4.65960365934375
16.4562381008077	6.9556777386398	1.7018195480068	131.139315740301	90.1260585730198	4.94684234030322
16.2885740519334	6.80479976605285	1.81362925157891	102.04583592135	93.7463747945192	4.67044593046379
17.5968316707486	7.15729280810099	2.01796751062468	137.761491417197	105.733072910992	4.69201937459321
16.831974300609	6.71435447425816	1.94881282920941	139.754803682785	99.365734942831	4.85709135043605
13.5759752752992	6.38824594362148	1.49192549900148	99.3425566545686	81.2405813982663	4.99115270358988
15.1830505461394	6.28661436303207	1.72634082504989	100.536596291013	77.6191497345529	4.35981505383225
17.4020921815863	6.82509421378067	2.4749570665717	105.363864198444	82.5920100411337	4.11365321169051
18.0473278855718	6.53324471927828	2.83609984603434	110.228502273528	87.9450781610823	5.10536014529476
16.9116324369883	6.61519295274358	2.24586831809738	110.942885743924	89.0858592709939	5.62031730886482
14.7015054866692	6.49071128450054	1.73964143914061	107.631861347922	85.3944950685907	5.6486344212989
14.6355248233846	6.81928674388657	1.67883129661515	124.22266772746	106.618517454526	5.24243542815868
15.4074620655874	6.08977361313495	1.81928500985092	98.7721292656087	81.7244331433786	4.22214688110853
15.2266708073018	6.51916155216652	1.66507536447745	112.708611916382	90.4519397536412	5.76716745580134
13.6140311695919	6.53437461840211	1.48142305884037	97.8029738166138	82.6914736247564	4.52881461965827
17.1023329619184	6.82940134113784	2.85818101856945	132.599246247059	87.2539843640796	6.02910496025245
16.8743363598215	6.84888120038674	2.35170287956438	112.29032571022	90.2632351446327	4.56195146148782
15.3293136119861	6.26188614916108	1.99071778557392	113.491753919148	88.1646970570286	5.29156821770315
15.6087971926687	6.85405664660309	1.822816704945	114.457827795491	86.6493919911981	4.48574969958316
16.4530892154847	6.30175908677827	1.70045589959401	112.557547360792	80.2523443874272	4.76965642732094
15.9779875288418	6.05549479570873	2.16441262158182	109.952959011344	76.6582819598545	4.69477080682515
15.3393110053966	6.68914594056767	1.45885436613106	108.604787257997	91.5362407949753	4.20661175118663
14.6107217499977	6.04741908508058	2.36759124455928	101.298595579424	74.5407336176663	5.06271573615639
19.9366737928364	6.56473847177194	3.44191921663539	125.47372673778	86.9646923028173	4.94695537223965
14.8627475076951	6.39114510955872	1.65863188374488	107.735330378965	88.3982218349552	4.12747802930935
17.2066474822943	6.64483409014903	1.82888113572456	137.103355300064	90.7765928273732	4.29357421271784
16.9873816096415	7.01170703603952	1.82708736919185	119.044390482852	95.1597117067015	5.2759806437041
19.9386512544246	7.16933733560862	2.29991708089079	126.63466655751	92.0639815915797	5.11696024712286
15.6238781927274	6.6198512562786	2.41244287090215	105.593462292519	94.7381199572445	4.51388248139169
15.6437874649724	7.21615850389982	1.30913243749541	111.035992214899	88.0370705006713	4.12414395491656
16.3496793071305	6.95211848886319	1.68627256201184	103.553068827458	99.9158548954995	4.23988722333531
16.6096024667954	7.00401826916599	1.5608641674264	108.998852344841	91.1609043703595	4.48799903925443
15.4936661490823	6.81350240990888	2.24990227517628	130.245304886512	92.1153153759491	4.82907569651212
15.787101810087	6.71526005744447	1.61553919628469	117.513869392021	88.2987788344286	5.07448428401877
15.4500288412139	6.75675306056913	1.6797156476569	116.085333923985	95.0757712124372	4.75040643365977
15.2989441889307	6.49599972569349	1.53890850877296	114.698359573927	85.0179988929198	4.38992005560521
15.6152965561939	6.65486822467338	1.78905298981217	111.126038043435	94.9304007684592	4.70399788370243
17.9495474631976	7.15453114049156	1.63490550855956	120.761741669159	91.7382988246893	4.26341389074071
14.8450939039879	5.83668646913837	2.27918341062038	101.127727841433	78.3216517044151	5.11373669761191
14.9711907810949	6.7353947747388	1.60455745147529	118.219563685336	95.2956149406765	5.81862473914707
15.0347042169452	6.609105439744	1.51444610401189	120.316905467264	84.0882575187846	5.35243817964256
15.7881414625386	6.71437313206968	1.40525716258888	116.895783002345	80.471065453111	5.37853693202656
18.3083231878179	6.98640829929643	1.60859055608065	125.50016618682	98.8655258278226	4.86880735779484
16.2119260571678	6.98505284699977	2.45627923716118	113.611986908666	95.50887652386	4.78124426205311
16.1102080327403	7.00165787581205	1.60789424181877	112.23348194677	97.4543318056258	4.20170472212062
17.9885786170215	6.69306207739559	2.50996927843105	143.373754018141	88.4321271313998	5.66381143709228
16.3982070656857	6.87236316134029	2.08251692159987	121.312699467	102.11196326326	5.22174345510328
14.772967798462	6.61622310576358	1.57261128555071	114.468060317197	85.6072665964605	4.67173459987384
17.6011653169617	7.03021981085536	1.95471015475607	117.508342007619	94.2494663513936	4.14582449014606
18.3228447341783	6.76334072943328	2.05449207358218	127.103985155866	91.3978636748361	4.31779027641172
20.6090987050111	6.3860730610918	3.14160647005828	135.388839625508	86.3830983637442	5.03889000974045
19.00030510823	7.0231706047927	2.65470801512454	134.916263359681	96.5525748132153	4.39495728039741
20.3445794067931	6.8199626110141	2.60941658207855	139.424216709004	94.5384719060764	4.67320568257705
17.457055395366	6.37687717571337	2.27681443152818	126.354372565337	84.8066242229011	5.48325394171182
16.0538307936632	6.70607416241966	1.94737671483979	110.764094800043	90.5090059608968	5.77395143389904
16.2439182087557	6.73175275547441	2.23411968095075	117.397235610868	86.8395863241645	4.71723089348289
16.7035723536855	7.06090039226428	1.87020978019113	126.82055586922	90.4534812907155	5.36156398854186
15.6808377424676	6.41167362316268	1.70812728904237	106.975707586472	92.266670943735	5.44718421316283
17.2079070547233	6.38130728498062	2.43280218616912	121.625946014154	74.8588762525481	5.71972512834225
17.5192177300388	6.78343636111584	2.96111646235003	106.748213330723	87.7922747887135	4.24515690977786
15.3537616516302	6.52972332801685	1.71447011282155	116.35116496432	84.4065153791368	4.27527945321627
15.6996350198453	6.90781449852685	1.50539894922824	117.781284991252	91.217139531934	5.10740961985804
20.8062807695902	6.48846554317834	2.36691652637648	118.893441122162	75.8061777858126	5.41536765554551
22.230107624613	6.99432485991719	3.03340080331803	122.193830248293	86.2287742278126	5.28027293482731
16.1543778488479	6.47469088232334	1.82349354939193	114.993282458742	85.5547731998877	5.44829786912604
14.9427809408525	6.05094626418698	1.71907984851122	108.260330631201	80.1447256850964	5.19270068912592
14.8948630987767	7.13102008773844	1.53734331770432	106.233710166706	100.786677374487	3.96543598259324
16.4693314878169	6.99871210114822	1.73713052006863	130.783779300715	95.5004521257137	4.68522538620401
17.2439696149166	6.64177491851126	2.27186805708157	144.910972290473	88.4017851082185	5.85765490694858
19.3161135802275	7.29264095471075	4.03535143284596	116.921883712031	98.1716003807563	4.44298676262092
16.7331166105515	6.96220228661471	2.13139542779243	110.270502310502	85.6940375213798	5.20907106061293
16.7630375729842	6.8270569365892	2.7557480581257	113.459227276966	101.792444191611	4.88966069267207
16.0356854976318	6.59860151280473	2.25870963734334	120.365084622265	85.6440735911457	4.668466276349
15.9252335527382	7.29923507302683	1.26876496406041	107.962195473287	98.3200586164458	4.40959046795441
14.8676338543226	6.8429157734824	1.47111541957242	112.236736675239	86.3670813775745	5.70567653844017
16.3934043760158	6.82360286336039	1.51242079448147	114.355923127059	85.3000770958754	4.8936968871546
20.387479003128	7.03215008261158	2.32796486094774	113.153623418733	94.1876719860564	4.09507936217556
18.9555530929004	7.4700500172103	1.83303474246957	112.51534518856	95.5383815784562	4.27247076254637
17.1945130441225	6.90268806131022	1.80681158279616	120.108419404235	90.3362778226288	4.39930444870552
14.2986041997817	6.47133622654549	1.5623629930808	100.301037337075	79.8237941519796	4.83868346644779
18.8711385682669	6.46130768927524	3.41244908904269	105.293524857228	83.4044894610013	4.15992319015287
16.7763902252016	6.56475477807296	2.70862934217375	101.752737008868	82.8375935269398	5.66141740100533
17.1698425734074	6.78451742033323	1.98485059883005	125.962917405423	91.8148972903443	4.61886306583525
15.1529914294591	6.51893797767994	1.81962984863666	123.924699451888	89.7284285130256	5.22202043590786
16.0621346862591	7.05245573346562	2.06316286738693	106.58783807452	89.6163748705751	5.19656703433365
15.2076497814752	6.62693889159776	1.69042477063246	110.116828357414	84.8547021368075	5.59608549498925
14.2400970558807	7.10026252623468	1.33054173452291	111.023576828168	91.8822679345941	5.60969268972859
16.8386172663053	7.63521944496455	1.38157464172188	119.217020884446	99.1049151720772	4.10879293714632
14.6867126132326	6.85585610502251	1.41314873971708	108.501618399214	89.0770051435299	4.7786166957683
16.801785512369	6.72721136748858	2.15495556311773	106.269183327486	92.7862892056343	4.53387016766109
16.5381525409502	6.83764392540906	1.65707645404921	104.100130263106	89.1128691778577	4.63776149808528
27.8271309982593	6.28343982282557	8.52905188215007	144.316797669309	83.3035442910013	5.76510592443064
15.5575935035615	7.01551266773375	1.5274623479417	112.818851467257	92.0647313418128	4.08777812429462
17.3478562450503	6.6431512832516	1.87720763459396	124.495737783147	82.7226315373618	4.58023969403227
14.7520077738289	6.49812740611008	1.50564447907957	106.194052004551	84.5498260475294	4.6751142498139
18.2676304710468	6.54608708685957	2.16167955201934	118.903375998555	84.6460135408752	4.36211908034371
15.507757579868	6.76646799503035	1.43061340507192	118.163323200516	92.9367967011765	4.83275155164699
15.85237237676	6.99524128768703	1.69413083509786	113.109785547721	99.2149422127977	4.74702324965295
12.9985942413107	6.90027541228927	1.24245055123146	97.5880753125146	92.5219029282144	4.35839664396417
16.4463257728977	6.72792282106544	1.52406250458619	123.190357533062	89.5212811438256	5.31965814100498
14.3142501692518	6.32660414204101	1.8365899680116	90.006492383582	83.8923656406769	4.0547258784765
15.213484705054	6.88149469652343	1.53669203337792	110.631352738829	93.4518290552461	5.02034234543031
17.5854438407437	7.0183921575521	2.068531797313	132.328779364702	89.9790433441566	4.75529978031119
18.9126633158524	7.46495622777661	1.65033795752893	134.696710068679	89.9063833895242	4.2164866572637
15.6361953455485	7.08596953134998	1.48599597033895	111.850022882345	95.8261831736894	4.01020866545558
16.0906213477716	7.01735429732161	1.42124566850466	122.161724397984	91.0375282973006	4.82136615539036
15.4907434557032	6.5891054939373	1.58870521850049	115.004671333249	86.5893837688823	4.3712091996868
18.2880024370247	6.77001142879338	2.90926869324382	130.78266900902	88.7057266410659	4.77073747082475
14.4217130133742	6.36722733247766	1.87547128771053	108.64412244032	104.41669080064	5.77981962620385
16.1378080298251	6.85150549070588	1.93422989558261	126.530659063372	90.2920692513116	4.80353600967293
16.8201846007621	6.68241774597592	1.96392355172234	113.345543569345	91.6980563650753	4.43778540353274
16.7397664365622	7.11385288093015	1.52096690391258	114.819494069865	106.088428464253	3.67803971913056
17.6281267610072	7.184760898744	2.70900785178512	179.884131861678	97.4914771939356	7.26409561162781
15.6394877456934	6.48073291687559	1.60199636624675	119.710156554256	92.531817452802	5.17530385681135
14.8983083613775	7.11907685970007	1.71724033702357	113.058351201749	107.760450553598	4.72391474153126
14.9103451942923	6.87485719490781	1.64703604188169	113.493480833364	98.2498938852102	4.55400167949949
15.7349486328581	6.94601563122044	1.61960043060888	116.201004968094	95.8166789758828	5.08425730969616
13.1424075983768	6.45002209380684	1.44971833937241	110.116539088814	92.1468113039147	4.39429868486358
15.25394112998	6.65622290588607	2.40562045284191	119.608580979143	87.0983432662937	5.47719520534433
14.3232549672848	6.67148130053246	1.528601851675	110.987828514013	84.5542564419207	5.59705336636036
20.5324438128988	7.05057466923034	3.86932082511163	128.809064658537	91.434675689664	5.15556697047806
14.227912742996	6.45739717690033	1.62124307412292	116.142716979259	86.5324553015866	5.47772165933582
25.4976235823718	6.63463431910237	5.19309813039576	224.758950734468	86.3311418725252	5.94232475243791
15.0207056834015	6.20396171458797	1.6660915620796	111.37508203583	80.6201113390179	4.82633309724048
13.5751492007052	6.16194337439507	1.98612714537693	102.580843169993	85.151888454991	4.92547999671319
16.9070497151728	6.29966506795347	2.80241835063784	131.753329669698	87.4864977901974	5.20386531452037
16.5114283229269	6.60301962738858	2.40899885372915	126.42024405835	89.7702576903961	4.86005296087303
16.0785073558222	7.12586121639535	1.36624420159949	110.30576162214	96.3014889965763	4.29087158391687
16.1353582463756	6.78185823112644	2.35026611756582	113.80477523185	86.3905496158866	5.97874686332312
15.7926967644453	6.85145449200446	1.55850285785296	113.487387567194	93.0238280086681	4.95698250076585
17.0875192019007	6.33510206656385	2.43175829060485	105.365369967387	98.1317177251943	4.11973096032395
16.3475954271154	6.96520308957657	2.04142793158669	146.080790402442	94.0543906160232	5.16102516934382
17.0209578657035	6.83936556356569	2.21621671734753	142.637506759358	91.33968063068	5.80561447430993
14.4274174175398	6.82716448376668	1.55522416855481	106.428336173683	98.2371762799596	5.40736011280613
15.9956105751007	6.93249154519046	1.45641704644803	108.0641524202	91.7259944023142	4.56995985060849
15.942929038039	7.10454279807072	1.76301378203207	121.994587540234	99.1433506727798	5.28595001607135
15.9379760821145	6.47315931130778	1.83589580503361	106.507141796869	86.2151838239266	5.49913238976478
22.4076668834702	7.39412961683313	2.6005005432437	165.596247600615	99.0636168755113	5.65651539806696
15.8098266989738	6.77607109805722	1.45927550052329	106.43600831014	87.2705661540219	3.86865774003319
15.6542240854782	6.67787643070035	2.13048208931463	116.438222106804	95.1872547510227	5.53899950065538
15.0902506360515	7.01635918621411	1.48919406637934	110.567662562715	101.050616067173	4.27184492495341
15.9419397605057	6.81725703286254	1.65295281512232	119.391042752533	93.8793818917894	5.11259879353188
15.7376609293987	6.26147396092219	2.08627358933719	107.935888072042	86.5961699967775	5.4839948330374
15.8211508654354	7.09271458571906	1.63720474663185	123.472679639565	98.3721610273233	4.71411646066339
16.697091823944	6.65968124154036	2.45074427900716	106.750756530116	89.6457526593232	4.1994504786086
15.6582485108406	6.47983078421767	1.53352230206013	111.106903543213	83.9899759272978	4.52744600686501
16.0883864173387	6.48453784706272	1.98763228012162	113.144575696374	93.7202842601468	4.9584203453873
12.8005730137087	6.08748328994274	1.37051693695158	96.0030306877255	70.9986719790752	4.97215654754449
15.0977210516545	6.30444104794252	1.88833073449148	107.752513757775	81.28268507853	5.16872235063058
12.7673197730585	6.06763448831586	1.57306378290403	103.055493771629	86.801766337172	5.29421543848651
15.1713543428675	6.57774174973869	2.63049589576589	103.622248694312	85.63050852828	4.98595953438162
19.7056507838079	6.28148076394929	4.91932841445013	201.88309783632	87.0961135303173	10.0585031960128
17.9662557295899	6.55835104927464	2.07740468072726	131.54096748945	86.333518706021	4.37831890026285
17.5755846418457	6.47301469872825	2.56079295881331	131.171651755669	81.0367574714947	4.65428503927437
16.3200632905818	6.87175407778895	1.722785736476	119.666490978769	89.0174979159528	4.62614975419301
14.99644118271	6.48969199137148	1.65454044562074	110.125304438255	94.9031050099528	5.64595391553482
17.3554284942869	6.21134356150114	2.53938717107519	125.721959188091	77.9876061216548	4.22565886763782
22.4943415373133	6.51115107993172	6.03773135911631	126.274116363573	81.0532473442118	4.85968491291773
16.6727934380833	6.99895998139891	1.85940412679844	116.009219342601	89.8073315627846	4.94658482180097
15.312847706869	6.64385075511957	1.47384704826561	108.898154222253	81.75471139211	4.24060681249203
18.7650252230723	6.9845691121275	3.32343564676609	118.115324063118	85.6986375474704	5.29429673819033
17.0512600570405	6.637856526001	1.56307668914212	138.217388429193	89.9107024505375	4.40029708048299
15.3005055886884	6.28867578364296	2.0044299842669	110.415830087551	85.7591730959442	5.53207877373252
17.1450588701591	6.84149099699983	2.42147020180907	123.146336105565	94.8868473802446	3.9383385421853
16.5110228072675	6.83339032256201	2.19160441984601	105.271753656869	92.9500916926845	4.08047280144387
14.7916990912874	6.71291689990561	1.65237825054526	114.292980223243	89.9656081227926	5.22861337138932
16.0854041392415	7.09714761327447	1.81348008767321	125.757930883647	108.303762251672	4.54509653344122
17.5433451404481	6.85223938357878	2.00528763910886	127.718270681926	100.420057737181	4.76282716425957
17.3073811086803	6.71210513268532	2.55909808849735	120.855864791411	89.7042988943704	4.53172998960834
14.8243740568965	6.75808335143034	1.58303354306187	122.876666992003	96.6999327344919	5.16033576933436
15.5349266359634	6.93608669158372	1.92512507337997	113.456689808286	91.3373891356422	4.65637130523663
17.3430101609962	6.71604282555552	1.70566094073656	111.41658063282	83.1636687929548	4.42628475161198
17.7444110221712	7.24486511165701	1.63697547083546	134.737285749209	96.5393728882173	3.7352575744118
20.8075475817414	6.58515049922624	5.44923319656127	127.186466226897	90.3390514625895	5.36511461451203
15.5799271345552	6.79324820856715	1.65420881960152	120.663539173571	97.3641926469785	4.40513744043982
14.5161986044491	6.50222901172645	1.63186473624398	98.9356655742035	92.0810659957936	4.45914802503283
19.4440897609157	6.42459679168328	2.90360585693319	111.49836734666	83.1907218896538	4.78799031661928
16.716040305331	6.75370068246079	2.16859317550679	96.7292866093672	86.0367540626714	3.73229470611539
16.497150741374	6.27446378450676	2.11419487080494	104.859735702894	80.2989102066801	4.06635238285363
15.7813356164854	7.29999579647295	1.45134174846579	121.099586851605	96.7553726545548	4.6133357518064
15.2217267326594	7.05689359999285	1.60179781371714	113.684860979891	93.3716273161624	4.39446110527566
19.3849782540672	7.33392671420508	2.04748668082718	150.195091970085	92.3921453522831	4.91094472131083
14.8169439021363	7.19811942554566	1.44202410497449	130.642909471084	97.7740581352896	4.87045403209019
16.0011457265958	6.90684703137136	1.57349353560666	117.903549207736	93.5305482231914	5.27210036980822
17.3709269331251	7.08237294013964	3.04521935641758	126.689940897384	110.465462047154	5.13683243581218
16.7658651447222	6.70987952342546	2.00985071009531	124.204544074021	102.313784749363	4.34316429238558
16.8839121183258	6.14989203502712	2.00045651887484	117.678867023006	77.2147961540687	5.18184491632318
13.1710121376771	6.31528783156693	1.47071819275879	97.0900298389871	88.5967437751549	4.10191420218373
20.5891445670222	6.92227964210852	5.45927354233533	116.477240587242	95.5540552944584	4.64234638062045
18.052434122786	7.35358720845279	1.61480925270229	129.704997978625	100.437373654103	4.83336015547026
15.389492053711	6.84094658306301	1.56250351388751	98.8183590076103	91.495566623402	4.27525908303231
13.9176583988178	6.55116629910264	1.58596838721015	92.206541614051	83.8075690407467	3.87177534437881
17.7253091923301	7.09087947397238	2.20056609728712	115.817142664618	97.1900897044657	4.63597935298493
18.4850072643896	6.32916987395765	3.71268977698651	101.563434493458	87.5617697091978	4.76323094003373
14.5243622236788	6.36116101497374	1.63671846870024	102.089208391085	84.2190519098468	5.11850768776172
18.2342137604617	7.08899439221758	2.42267339957963	140.561777993928	94.0884467636906	4.472263050479
17.7851185056131	6.710277423128	2.41820851535436	120.636273350764	90.837310068402	4.02486343562129
14.893864957096	6.7562319298806	1.72019939801132	108.772889978128	87.8701226969076	4.6692576979776
16.1594710723799	7.04352428810651	1.55521390596576	115.207809280169	94.2682603716629	4.64748679648764
16.4731716402404	7.01560080162907	1.73783533172097	113.644442565751	103.665163927584	4.66085390044493
15.8889924904618	6.11457540425054	2.12077849057375	101.492306206992	77.7865213035795	4.69076915419429
13.221170612727	6.59069982718007	1.28598396783498	102.216138604427	104.779346433677	4.66739779368304
15.3271953129727	7.10718292620418	1.61183351032368	113.133251585245	101.674380253739	4.50976469845451
16.71958405055	6.79831957058073	1.77712920725424	105.943386949206	85.658479870985	4.37663149600847
14.6944847376721	6.91148950204097	1.40548805653567	110.165080169455	91.701946288983	5.58325575997109
16.4820606580906	6.96575671596977	2.39992599603488	108.993074715458	87.6481927038893	5.43849963722144
14.8802396146673	6.54406007674693	2.18740642953133	102.675226745209	82.3382298419	4.75138479949275
20.9083491621599	6.43751091315202	5.70925535317106	105.582325848804	82.9085217743704	4.89845676680508
17.6432036248874	6.77595346957504	2.27296367426848	104.279530365845	85.8841567479628	3.95897755453231
17.3635566419085	6.22254715786718	2.85886135709796	105.435025082797	82.3345612753413	4.73401936661176
17.7960609480016	7.25876487933673	2.26479918643753	116.798087334384	96.2190525579165	4.57058643082536
15.379731922378	6.50036058137324	1.96101155124969	127.242830374937	89.9248527280882	5.48773956217834
13.6649718010901	6.19775310211308	1.68057657683236	100.043517135093	85.4653452297898	4.89015946093513
17.6881960198989	6.40378365926243	3.79634207482237	126.493892855814	90.656017283519	4.94783727701814
20.1776945905002	6.58790673077048	3.49285902933116	116.668111843816	92.2264094469158	4.42689006733406
18.3992828298459	6.9025137470087	1.93899933986831	141.342118108711	88.4291992734882	5.0828060882602
17.7012750178135	6.89164127823511	2.5952673468868	125.200536128565	94.3115041775145	5.39854795075007
14.2065654487236	6.50441602620966	1.63208114560733	119.959450866771	88.6030398414702	4.24617248746845
16.3658109460967	6.95290540935741	1.8428430383287	134.885236985201	96.4968655304735	4.51156048800975
16.7117288405926	7.07827865904958	2.00812390638148	122.518269778745	97.6376808923235	4.89397258419097
16.4937495335778	7.04102974305633	1.81724379763515	119.487532506325	94.5326769480758	5.27878401444376
17.3656639401909	7.14576821476267	1.79005159066667	119.239759192569	92.9996744224869	5.37027204592881
14.747135888868	6.75130318668671	1.66730057570993	110.335773939479	93.7403637274555	5.75915859558376
16.7460191825465	6.88633684161098	1.71267641561218	123.62372171558	92.8083791938157	5.31612740771661
16.2051816624946	7.12418818571514	1.54662888306822	109.795847430197	91.1391006704453	5.09878877644072
16.7035069371605	6.75225423562998	1.5747664950605	109.111461602208	84.5787419660672	5.16272434131266
17.2626553086841	7.31042917398327	1.79222880444773	121.486111350965	100.241967279639	4.53729706845187
15.1419426998329	6.6715439107058	1.54695430981659	109.423167979091	98.0050214538521	3.76505382941272
15.5205220632878	6.89278255740053	1.41648146777569	108.188220925036	86.46325671196	4.00931875812363
14.4823393364772	6.42233182641969	1.54236104089556	109.268236328416	79.5053241203222	4.33553876510671
