Time	Mean	Median	Upper	Lower
2017.967	144.58931512510196	148.10351085882178	355.0994266307405	47.87673127248768
2016.9442727272728	174.32172133841246	175.14615431907058	329.26927442467706	92.53758738909632
2015.9215454545456	249.4800598854077	245.22715190094428	406.17960525041474	144.24170576961748
2014.8988181818183	276.635875009967	272.07330151550286	460.4698884489128	167.23617223551832
2013.876090909091	231.60181889857552	229.69547259770576	354.8731619034589	155.26991519934217
2012.8533636363638	222.50971315926455	218.52914926277376	341.5176243211724	135.41157391927229
2011.8306363636366	138.06530540636624	139.67408701408382	208.52443993920636	90.09286805195973
2010.8079090909093	138.86270536574963	139.66379066898276	213.75644998866753	87.3137760771653
2009.785181818182	157.87525233544596	155.58384852301293	266.25959017967494	95.61889404831675
2008.7624545454548	154.64151472929888	150.4333760130834	276.1824041949828	87.38944553312122
2007.7397272727276	128.65663193648774	126.925360325544	239.37204108532336	74.25925150154764
2006.7170000000003	100.06043759606511	100.45903441762533	184.27471305357986	52.30841165447887
2005.694272727273	84.9197083918746	85.7118912272097	162.8476279907897	47.3883465555985
2004.6715454545458	78.03638579556196	77.73682246747497	154.66187298557986	41.704785870773854
2003.6488181818186	75.50977132115467	74.97832248032876	157.35192632988725	40.773806131344514
2002.6260909090913	74.49463921009682	74.31774965768082	176.4157390668999	38.733703767692035
2001.603363636364	67.62419108835327	67.99679331900977	140.192870089787	31.525483511103417
2000.5806363636368	65.86721085898048	66.24528307457012	142.71588143446232	31.031622323715517
1999.5579090909096	71.22065677866064	69.65117452485761	156.8054589354695	30.19679051485081
1998.5351818181823	77.42738602134276	75.83251359230691	173.89035474006604	34.49670486427162
1997.512454545455	81.52416790534288	79.38449125318616	197.01447832179267	37.70026346183927
1996.4897272727278	85.3384064114645	82.78761106093992	207.48869657910865	34.416011662340075
1995.4670000000006	85.3318427306411	83.17540348976277	202.27332469953313	33.535866079594136
1994.4442727272733	83.02528746417423	80.23435525749913	252.10064467248026	39.200862078809635
1993.421545454546	84.04419712844125	80.39982725776485	230.00688490464736	33.60268381570803
1992.3988181818188	87.65788121184575	83.73214347947162	222.06337756316685	30.61757487727016
1991.3760909090915	94.11895377942164	88.33223075239592	296.81757707421644	35.07678814620644
1990.3533636363643	98.21861230612487	91.12063450849686	342.32983141229437	37.09072171675706
1989.330636363637	96.31050501754316	87.33823473776644	323.3782360094221	33.241665239746425
1988.3079090909098	90.86781499385677	85.71589148243814	340.2734657751338	29.58476897006452
1987.2851818181825	82.10933370122825	77.92761068074839	303.4715823696735	26.19728771672243
1986.2624545454553	71.2906657957395	67.8628699220185	240.0943074398629	21.933708514032155
1985.239727272728	61.24850396178638	58.522098014858855	230.79774772905157	18.75079051674118
1984.2170000000008	52.399461750108784	50.63746867231887	179.90429294177332	16.670335415828873
1983.1942727272735	43.31644123456727	42.34531700564767	139.90700221517898	13.05005285164422
1982.1715454545463	36.35937735590493	36.181552896065526	109.94187899280388	9.678341264391477
1981.148818181819	32.54602354697879	32.623481804113524	109.83016917287556	10.2038420322914
1980.1260909090918	30.62395642869431	30.543196940691015	100.84597192508792	10.186605026746447
1979.1033636363645	28.745182168019085	29.477959721177392	87.81782813719308	8.058833739118672
1978.0806363636373	27.17298242288864	27.459879290804434	87.9609515966439	8.158333489105187
1977.05790909091	26.087196086592723	26.028379160343533	92.83220116357086	8.20626560193301
1976.0351818181828	25.094436729271937	25.18753004051512	86.14374738908533	6.930412301070374
1975.0124545454555	23.443937118814652	23.08882022551931	79.88167009244518	6.121130267927496
1973.9897272727283	21.922298698962706	21.918447327187806	81.23523243150461	6.46065774955106
1972.967000000001	19.97471477941642	19.43405923314375	79.98666053955728	5.39958451259375
1972.967000000001	19.97471477941642	19.43405923314375	79.98666053955728	5.39958451259375
1971.9442727272738	19.97471477941642	19.43405923314375	79.98666053955728	5.39958451259375
1970.9215454545465	19.97471477941642	19.43405923314375	79.98666053955728	5.39958451259375
1969.8988181818193	19.97471477941642	19.43405923314375	79.98666053955728	5.39958451259375
1968.876090909092	19.97471477941642	19.43405923314375	79.98666053955728	5.39958451259375
1967.8533636363647	19.97471477941642	19.43405923314375	79.98666053955728	5.39958451259375
1966.8306363636375	19.97471477941642	19.43405923314375	79.98666053955728	5.39958451259375
1965.8079090909102	19.97471477941642	19.43405923314375	79.98666053955728	5.39958451259375
1964.785181818183	19.97471477941642	19.43405923314375	79.98666053955728	5.39958451259375
1963.7624545454557	19.97471477941642	19.43405923314375	79.98666053955728	5.39958451259375
1962.7397272727285	19.97471477941642	19.43405923314375	79.98666053955728	5.39958451259375
1961.7170000000012	19.97471477941642	19.43405923314375	79.98666053955728	5.39958451259375
1960.694272727274	19.97471477941642	19.43405923314375	79.98666053955728	5.39958451259375
1959.6715454545467	19.97471477941642	19.43405923314375	79.98666053955728	5.39958451259375
1958.6488181818195	19.97471477941642	19.43405923314375	79.98666053955728	5.39958451259375
1957.6260909090922	19.97471477941642	19.43405923314375	79.98666053955728	5.39958451259375
1956.603363636365	19.97471477941642	19.43405923314375	79.98666053955728	5.39958451259375
1955.5806363636377	19.97471477941642	19.43405923314375	79.98666053955728	5.39958451259375
1954.5579090909105	19.97471477941642	19.43405923314375	79.98666053955728	5.39958451259375
1953.5351818181832	19.97471477941642	19.43405923314375	79.98666053955728	5.39958451259375
1952.512454545456	19.97471477941642	19.43405923314375	79.98666053955728	5.39958451259375
1951.4897272727287	19.97471477941642	19.43405923314375	79.98666053955728	5.39958451259375
1950.4670000000015	19.97471477941642	19.43405923314375	79.98666053955728	5.39958451259375
1949.4442727272742	19.97471477941642	19.43405923314375	79.98666053955728	5.39958451259375
1948.421545454547	19.97471477941642	19.43405923314375	79.98666053955728	5.39958451259375
1947.3988181818197	19.97471477941642	19.43405923314375	79.98666053955728	5.39958451259375
1946.3760909090925	19.97471477941642	19.43405923314375	79.98666053955728	5.39958451259375
